#Fibre Run Subrun IPW PIN RMS
#----------------------------
FT010A 110163   0  7000  1208 180.40
FT010A 110163   1  7000  1206 180.86
FT010A 110163   2  7000  1206 180.51
FT010A 110163   3  7000  1208 180.03
FT010A 110163   4  7000  1206 180.20
FT010A 110163   5  7000  1208 179.53
FT010A 110163   6  7000  1205 180.95
FT010A 110163   7  7000  1209 179.41
FT010A 110163   8  7000  1206 180.79
FT010A 110163   9  7000  1209 178.99
FT010A 110165   0  7050  1109 180.98
FT010A 110165   1  7050  1108 178.87
FT010A 110165   2  7050  1112 178.38
FT010A 110165   3  7050  1112 179.17
FT010A 110165   4  7050  1112 179.52
FT010A 110165   5  7050  1111 178.95
FT010A 110165   6  7050  1112 180.06
FT010A 110165   7  7050  1111 179.63
FT010A 110165   8  7050  1113 179.40
FT010A 110165   9  7050  1112 178.29
FT010A 110166   0  7100  1049 178.40
FT010A 110166   1  7100  1050 179.08
FT010A 110166   2  7100  1049 179.45
FT010A 110166   3  7100  1054 180.13
FT010A 110166   4  7100  1055 178.87
FT010A 110166   5  7100  1049 178.47
FT010A 110166   6  7100  1053 180.07
FT010A 110166   7  7100  1051 179.66
FT010A 110166   8  7100  1051 178.71
FT010A 110166   9  7100  1050 178.50
FT010A 110167   0  7150  1016 179.83
FT010A 110167   1  7150  1012 178.76
FT010A 110167   2  7150  1016 179.72
FT010A 110167   3  7150  1021 180.10
FT010A 110167   4  7150  1018 179.06
FT010A 110167   5  7150  1012 178.76
FT010A 110167   6  7150  1016 179.85
FT010A 110167   7  7150  1016 178.50
FT010A 110167   8  7150  1015 179.09
FT010A 110167   9  7150  1016 178.57
FT010A 110168   0  7200   998 178.80
FT010A 110168   1  7200   996 179.54
FT010A 110168   2  7200   997 180.26
FT010A 110168   3  7200   999 179.05
FT010A 110168   4  7200   994 178.16
FT010A 110168   5  7200  1001 179.49
FT010A 110168   6  7200   999 178.45
FT010A 110168   7  7200  1001 178.12
FT010A 110168   8  7200   999 181.15
FT010A 110168   9  7200   993 179.51
FT010A 110171   0  7000  1002 179.87
FT010A 110171   1  7000   998 179.10
FT010A 110171   2  7000  1004 177.59
FT010A 110171   3  7000  1002 179.50
FT010A 110171   4  7000  1001 179.94
FT010A 110172   0  7050   898 179.44
FT010A 110172   1  7050   901 179.80
FT010A 110172   2  7050   900 180.16
FT010A 110172   3  7050   898 179.50
FT010A 110172   4  7050   901 177.92
FT010A 110173   0  7100   823 178.45
FT010A 110173   1  7100   826 178.86
FT010A 110173   2  7100   827 180.77
FT010A 110173   3  7100   826 178.57
FT010A 110173   4  7100   825 179.20
FT010A 110174   0  7150   784 179.73
FT010A 110174   1  7150   784 179.37
FT010A 110174   2  7150   781 180.38
FT010A 110174   3  7150   782 179.11
FT010A 110174   4  7150   782 180.03
FT010A 110175   0  7200   757 180.02
FT010A 110175   1  7200   759 179.39
FT010A 110175   2  7200   759 180.09
FT010A 110175   3  7200   756 180.13
FT010A 110175   4  7200   758 178.65
FT033A 110180   0  5950  1718 181.97
FT033A 110180   1  5950  1719 181.26
FT033A 110180   2  5950  1725 180.69
FT033A 110180   3  5950  1720 180.83
FT033A 110180   4  5950  1720 180.92
FT033A 110181   0  6000  1643 181.64
FT033A 110181   1  6000  1646 182.68
FT033A 110181   2  6000  1642 181.01
FT033A 110181   3  6000  1641 180.61
FT033A 110181   4  6000  1642 180.83
FT033A 110182   0  6050  1599 181.41
FT033A 110182   1  6050  1600 181.68
FT033A 110182   2  6050  1597 182.04
FT033A 110182   3  6050  1593 181.67
FT033A 110182   4  6050  1596 182.05
FT033A 110183   0  6100  1565 181.95
FT033A 110183   1  6100  1568 180.78
FT033A 110183   2  6100  1570 179.87
FT033A 110183   3  6100  1575 181.13
FT033A 110183   4  6100  1572 180.37
FT033A 110184   0  6150  1555 181.83
FT033A 110184   1  6150  1557 182.81
FT033A 110184   2  6150  1557 179.93
FT033A 110184   3  6150  1552 182.28
FT033A 110184   4  6150  1556 180.72
FT033A 110185   0  5950  1416 180.50
FT033A 110185   1  5950  1417 181.39
FT033A 110185   2  5950  1418 181.33
FT033A 110185   3  5950  1423 180.87
FT033A 110185   4  5950  1420 181.34
FT033A 110186   0  6000  1330 180.43
FT033A 110186   1  6000  1326 180.26
FT033A 110186   2  6000  1328 180.92
FT033A 110186   3  6000  1327 181.13
FT033A 110186   4  6000  1331 181.30
FT033A 110187   0  6050  1267 182.62
FT033A 110187   1  6050  1265 180.88
FT033A 110187   2  6050  1265 179.83
FT033A 110187   3  6050  1267 180.53
FT033A 110187   4  6050  1268 180.80
FT033A 110188   0  6100  1233 179.94
FT033A 110188   1  6100  1233 180.04
FT033A 110188   2  6100  1232 180.75
FT033A 110188   3  6100  1233 179.81
FT033A 110188   4  6100  1234 180.16
FT033A 110189   0  6150  1212 180.90
FT033A 110189   1  6150  1216 181.17
FT033A 110189   2  6150  1216 180.19
FT033A 110189   3  6150  1216 180.46
FT033A 110189   4  6150  1219 180.33
FT048A 110193   0  9000   973 182.19
FT048A 110193   1  9000   972 178.85
FT048A 110193   2  9000   972 180.07
FT048A 110193   3  9000   969 178.81
FT048A 110193   4  9000   972 178.86
FT048A 110194   0  9050   917 179.11
FT048A 110194   1  9050   914 177.64
FT048A 110194   2  9050   918 178.97
FT048A 110194   3  9050   915 179.11
FT048A 110194   4  9050   915 179.01
FT048A 110195   0  9100   878 180.54
FT048A 110195   1  9100   876 179.17
FT048A 110195   2  9100   886 177.66
FT048A 110195   3  9100   878 180.50
FT048A 110195   4  9100   876 178.55
FT048A 110196   0  9150   852 180.12
FT048A 110196   1  9150   853 178.32
FT048A 110196   2  9150   850 179.42
FT048A 110196   3  9150   852 180.28
FT048A 110196   4  9150   852 177.64
FT048A 110197   0  9200   839 179.50
FT048A 110197   1  9200   838 179.02
FT048A 110197   2  9200   838 179.13
FT048A 110197   3  9200   840 179.03
FT048A 110197   4  9200   835 180.23
FT048A 110198   0  9000   773   1.84
FT048A 110198   1  9000   778   1.81
FT048A 110198   2  9000   776   2.17
FT048A 110198   3  9000   776   1.92
FT048A 110198   4  9000   772   2.07
FT048A 110199   0  9050   724   2.49
FT048A 110199   1  9050   719   2.09
FT048A 110199   2  9050   726   1.47
FT048A 110199   3  9050   722   3.38
FT048A 110199   4  9050   722   2.35
FT048A 110200   0  9100   685   1.81
FT048A 110200   1  9100   683   0.83
FT048A 110200   2  9100   689   2.37
FT048A 110200   3  9100   686   2.72
FT048A 110200   4  9100   681   3.28
FT048A 110201   0  9150   663   0.91
FT048A 110201   1  9150   663   3.35
FT048A 110201   2  9150   660   1.79
FT048A 110201   3  9150   662   2.21
FT048A 110201   4  9150   660   3.39
FT048A 110202   0  9200   645   1.02
FT048A 110202   1  9200   647   2.55
FT048A 110202   2  9200   650   0.00
FT048A 110202   3  9200   649   3.02
FT048A 110202   4  9200   651   2.35
FT079A 110204   0  6100  1438 181.32
FT079A 110204   1  6100  1433 181.34
FT079A 110204   2  6100  1434 181.65
FT079A 110204   3  6100  1433 182.03
FT079A 110204   4  6100  1433 181.28
FT079A 110205   0  6150  1295 179.50
FT079A 110205   1  6150  1290 181.23
FT079A 110205   2  6150  1290 181.17
FT079A 110205   3  6150  1287 180.45
FT079A 110205   4  6150  1288 181.92
FT079A 110206   0  6200  1198 179.53
FT079A 110206   1  6200  1196 179.65
FT079A 110206   2  6200  1191 179.98
FT079A 110206   3  6200  1191 178.96
FT079A 110206   4  6200  1198 180.27
FT079A 110207   0  6250  1138 179.53
FT079A 110207   1  6250  1138 179.52
FT079A 110207   2  6250  1139 179.80
FT079A 110207   3  6250  1139 180.19
FT079A 110207   4  6250  1140 178.82
FT079A 110208   0  6300  1114 179.06
FT079A 110208   1  6300  1114 179.62
FT079A 110208   2  6300  1113 179.76
FT079A 110208   3  6300  1117 180.22
FT079A 110208   4  6300  1113 179.93
FT079A 110209   0  6100  1266   2.62
FT079A 110209   1  6100  1261   0.64
FT079A 110209   2  6100  1264   3.38
FT079A 110209   3  6100  1263   2.29
FT079A 110209   4  6100  1267   2.84
FT079A 110210   0  6150  1119   3.30
FT079A 110210   1  6150  1119   1.18
FT079A 110210   2  6150  1117   2.11
FT079A 110210   3  6150  1120   1.66
FT079A 110210   4  6150  1123   2.96
FT079A 110211   0  6200  1020   0.68
FT079A 110211   1  6200  1023   0.45
FT079A 110211   2  6200  1022   3.50
FT079A 110211   3  6200  1024   3.57
FT079A 110211   4  6200  1025   3.27
FT079A 110212   0  6250   960   2.26
FT079A 110212   1  6250   961   2.93
FT079A 110212   2  6250   966   3.39
FT079A 110212   3  6250   962   1.02
FT079A 110212   4  6250   962   3.27
FT079A 110213   0  6300   935   2.21
FT079A 110213   1  6300   936   3.22
FT079A 110213   2  6300   935   1.24
FT079A 110213   3  6300   938   3.32
FT079A 110213   4  6300   935   3.36
FT090A 110216   0  6300  1245 180.83
FT090A 110216   1  6300  1247 180.18
FT090A 110216   2  6300  1241 178.83
FT090A 110216   3  6300  1246 179.77
FT090A 110216   4  6300  1246 180.32
FT090A 110217   0  6350  1139 180.37
FT090A 110217   1  6350  1136 180.04
FT090A 110217   2  6350  1139 180.18
FT090A 110217   3  6350  1138 180.94
FT090A 110217   4  6350  1138 181.36
FT090A 110218   0  6400  1066 179.18
FT090A 110218   1  6400  1062 180.16
FT090A 110218   2  6400  1063 178.87
FT090A 110218   3  6400  1066 180.60
FT090A 110218   4  6400  1065 178.62
FT090A 110219   0  6450  1012 179.50
FT090A 110219   1  6450  1016 178.08
FT090A 110219   2  6450  1014 179.79
FT090A 110219   3  6450  1014 180.12
FT090A 110219   4  6450  1015 179.18
FT090A 110220   0  6500   985 179.56
FT090A 110220   1  6500   980 179.56
FT090A 110220   2  6500   985 178.59
FT090A 110220   3  6500   980 178.78
FT090A 110220   4  6500   985 180.63
FT090A 110221   0  6300  1085 179.16
FT090A 110221   1  6300  1086 180.16
FT090A 110221   2  6300  1085 179.66
FT090A 110221   3  6300  1086 180.14
FT090A 110221   4  6300  1087 180.01
FT090A 110222   0  6350   971 179.98
FT090A 110222   1  6350   967 178.96
FT090A 110222   2  6350   969 177.70
FT090A 110222   3  6350   971 179.23
FT090A 110222   4  6350   965 179.18
FT090A 110223   0  6400   881 179.24
FT090A 110223   1  6400   882 177.72
FT090A 110223   2  6400   887 180.15
FT090A 110223   3  6400   881 179.90
FT090A 110223   4  6400   876 179.37
FT090A 110224   0  6450   827 179.49
FT090A 110224   1  6450   827 178.43
FT090A 110224   2  6450   829 178.03
FT090A 110224   3  6450   823 179.08
FT090A 110224   4  6450   822 179.32
FT090A 110225   0  6500   785 178.99
FT090A 110225   1  6500   790 179.73
FT090A 110225   2  6500   786 178.38
FT090A 110225   3  6500   789 179.14
FT090A 110225   4  6500   788 178.43
FT010A 111087   0  7000  1163 180.81
FT010A 111087   1  7000  1169 179.71
FT010A 111087   2  7000  1169 179.51
FT010A 111087   3  7000  1169 179.21
FT010A 111087   4  7000  1172 180.95
FT010A 111088   0  7050  1084 179.56
FT010A 111088   1  7050  1089 179.37
FT010A 111088   2  7050  1092 178.78
FT010A 111088   3  7050  1089 179.30
FT010A 111088   4  7050  1088 179.90
FT010A 111089   0  7100  1033 179.98
FT010A 111089   1  7100  1033 180.74
FT010A 111089   2  7100  1033 178.03
FT010A 111089   3  7100  1038 178.84
FT010A 111089   4  7100  1040 179.48
FT010A 111090   0  7150  1002 178.96
FT010A 111090   1  7150  1006 179.29
FT010A 111090   2  7150  1005 178.55
FT010A 111090   3  7150  1005 179.99
FT010A 111090   4  7150  1010 179.51
FT010A 111091   0  7200   993 178.81
FT010A 111091   1  7200   994 179.08
FT010A 111091   2  7200   994 178.50
FT010A 111091   3  7200   998 179.38
FT010A 111091   4  7200   990 179.34
FT010A 111092   0  7000   971 179.76
FT010A 111092   1  7000   970 180.81
FT010A 111092   2  7000   972 178.34
FT010A 111092   3  7000   974 178.86
FT010A 111092   4  7000   973 180.25
FT010A 111093   0  7050   876 178.63
FT010A 111093   1  7050   882 179.41
FT010A 111093   2  7050   873 179.40
FT010A 111093   3  7050   878 178.71
FT010A 111093   4  7050   876 179.28
FT010A 111094   0  7100   816 179.64
FT010A 111094   1  7100   817 179.98
FT010A 111094   2  7100   813 180.17
FT010A 111094   3  7100   815 179.67
FT010A 111094   4  7100   809 180.32
FT010A 111095   0  7150   781 180.15
FT010A 111095   1  7150   776 179.25
FT010A 111095   2  7150   780 179.55
FT010A 111095   3  7150   779 178.04
FT010A 111095   4  7150   779 179.69
FT010A 111096   0  7200   760 179.96
FT010A 111096   1  7200   761 179.58
FT010A 111096   2  7200   759 180.07
FT010A 111096   3  7200   759 179.82
FT010A 111096   4  7200   759 179.92
FT033A 111097   0  5950  1691 180.04
FT033A 111097   1  5950  1691 181.55
FT033A 111097   2  5950  1694 181.95
FT033A 111097   3  5950  1692 180.07
FT033A 111097   4  5950  1692 181.67
FT033A 111098   0  6000  1620 181.54
FT033A 111098   1  6000  1616 182.70
FT033A 111098   2  6000  1621 181.44
FT033A 111098   3  6000  1620 182.09
FT033A 111098   4  6000  1619 181.83
FT033A 111099   0  6050  1579 181.03
FT033A 111099   1  6050  1577 181.45
FT033A 111099   2  6050  1578 181.32
FT033A 111099   3  6050  1579 182.92
FT033A 111099   4  6050  1577 179.65
FT033A 111100   0  6100  1556 180.49
FT033A 111100   1  6100  1557 181.53
FT033A 111100   2  6100  1560 181.63
FT033A 111100   3  6100  1561 180.93
FT033A 111100   4  6100  1558 180.36
FT033A 111101   0  6150  1544 182.02
FT033A 111101   1  6150  1549 180.35
FT033A 111101   2  6150  1549 181.37
FT033A 111101   3  6150  1554 182.49
FT033A 111101   4  6150  1545 181.10
FT033A 111102   0  5950  1394 182.34
FT033A 111102   1  5950  1397 181.32
FT033A 111102   2  5950  1393 180.52
FT033A 111102   3  5950  1396 181.04
FT033A 111102   4  5950  1391 181.43
FT033A 111103   0  6000  1312 180.28
FT033A 111103   1  6000  1312 180.96
FT033A 111103   2  6000  1320 182.25
FT033A 111103   3  6000  1319 180.02
FT033A 111103   4  6000  1318 180.43
FT033A 111104   0  6050  1262 180.76
FT033A 111104   1  6050  1262 181.26
FT033A 111104   2  6050  1259 181.37
FT033A 111104   3  6050  1264 179.96
FT033A 111104   4  6050  1259 180.39
FT033A 111105   0  6100  1230 179.90
FT033A 111105   1  6100  1228 180.73
FT033A 111105   2  6100  1230 180.74
FT033A 111105   3  6100  1235 180.54
FT033A 111105   4  6100  1229 180.37
FT033A 111106   0  6150  1213 179.72
FT033A 111106   1  6150  1216 180.23
FT033A 111106   2  6150  1217 180.59
FT033A 111106   3  6150  1224 180.31
FT033A 111106   4  6150  1215 181.68
FT048A 111107   0  9000   952 179.32
FT048A 111107   1  9000   950 179.80
FT048A 111107   2  9000   953 180.02
FT048A 111107   3  9000   952 179.10
FT048A 111107   4  9000   949 177.99
FT048A 111108   0  9050   905 179.47
FT048A 111108   1  9050   900 179.57
FT048A 111108   2  9050   899 179.05
FT048A 111108   3  9050   901 178.77
FT048A 111108   4  9050   902 179.55
FT048A 111109   0  9100   869 179.69
FT048A 111109   1  9100   865 178.32
FT048A 111109   2  9100   869 179.62
FT048A 111109   3  9100   865 178.56
FT048A 111109   4  9100   868 178.63
FT048A 111110   0  9150   848 179.70
FT048A 111110   1  9150   846 179.59
FT048A 111110   2  9150   847 179.55
FT048A 111110   3  9150   845 179.51
FT048A 111110   4  9150   847 180.76
FT048A 111111   0  9200   839 178.77
FT048A 111111   1  9200   832 179.52
FT048A 111111   2  9200   833 179.53
FT048A 111111   3  9200   835 178.97
FT048A 111111   4  9200   834 179.07
FT048A 111112   0  9000   759   3.54
FT048A 111112   1  9000   755   3.32
FT048A 111112   2  9000   754   2.75
FT048A 111112   3  9000   761   3.35
FT048A 111112   4  9000   755   1.94
FT048A 111113   0  9050   705   2.24
FT048A 111113   1  9050   709   3.11
FT048A 111113   2  9050   707   2.53
FT048A 111113   3  9050   709   3.16
FT048A 111113   4  9050   709   1.93
FT048A 111114   0  9100   677   3.52
FT048A 111114   1  9100   680   2.68
FT048A 111114   2  9100   678   1.62
FT048A 111114   3  9100   675   3.22
FT048A 111114   4  9100   674   2.46
FT048A 111115   0  9150   655   0.78
FT048A 111115   1  9150   658   1.06
FT048A 111115   2  9150   658   2.62
FT048A 111115   3  9150   656   2.63
FT048A 111115   4  9150   658   2.37
FT048A 111116   0  9200   640   1.21
FT048A 111116   1  9200   647   2.53
FT048A 111116   2  9200   648   3.54
FT048A 111116   3  9200   645   2.59
FT048A 111116   4  9200   648   0.96
FT079A 111117   0  6100  1452 182.21
FT079A 111117   1  6100  1447 182.50
FT079A 111117   2  6100  1450 180.33
FT079A 111117   3  6100  1450 181.73
FT079A 111117   4  6100  1452 181.58
FT079A 111118   0  6150  1319 179.23
FT079A 111118   1  6150  1315 181.28
FT079A 111118   2  6150  1315 180.52
FT079A 111118   3  6150  1317 180.70
FT079A 111118   4  6150  1321 181.52
FT079A 111119   0  6200  1236 179.09
FT079A 111119   1  6200  1232 180.02
FT079A 111119   2  6200  1229 179.05
FT079A 111119   3  6200  1232 181.21
FT079A 111119   4  6200  1237 179.39
FT079A 111120   0  6250  1184 180.47
FT079A 111120   1  6250  1181 180.66
FT079A 111120   2  6250  1182 181.54
FT079A 111120   3  6250  1180 179.91
FT079A 111120   4  6250  1183 178.82
FT079A 111121   0  6300  1164 178.86
FT079A 111121   1  6300  1164 179.16
FT079A 111121   2  6300  1163 179.01
FT079A 111121   3  6300  1161 180.63
FT079A 111121   4  6300  1162 178.64
FT079A 111122   0  6100  1234   1.58
FT079A 111122   1  6100  1232   2.17
FT079A 111122   2  6100  1232   2.84
FT079A 111122   3  6100  1233   3.27
FT079A 111122   4  6100  1235   2.58
FT079A 111123   0  6150  1098   3.57
FT079A 111123   1  6150  1099   1.63
FT079A 111123   2  6150  1099   3.48
FT079A 111123   3  6150  1105   3.33
FT079A 111123   4  6150  1101   2.00
FT079A 111124   0  6200  1012   0.65
FT079A 111124   1  6200  1009   3.31
FT079A 111124   2  6200  1011   3.09
FT079A 111124   3  6200  1011   1.91
FT079A 111124   4  6200  1012   2.93
FT079A 111125   0  6250   965   1.71
FT079A 111125   1  6250   959   2.58
FT079A 111125   2  6250   957   2.01
FT079A 111125   3  6250   958   2.57
FT079A 111125   4  6250   961   2.93
FT079A 111126   0  6300   939   2.23
FT079A 111126   1  6300   940   1.36
FT079A 111126   2  6300   935   1.68
FT079A 111126   3  6300   942   2.12
FT079A 111126   4  6300   934   3.47
FT090A 111127   0  6300  1218 181.23
FT090A 111127   1  6300  1216 180.11
FT090A 111127   2  6300  1217 181.13
FT090A 111127   3  6300  1217 179.44
FT090A 111127   4  6300  1220 179.69
FT090A 111128   0  6350  1123 181.56
FT090A 111128   1  6350  1119 180.35
FT090A 111128   2  6350  1114 180.45
FT090A 111128   3  6350  1118 179.42
FT090A 111128   4  6350  1114 180.51
FT090A 111129   0  6400  1053 178.75
FT090A 111129   1  6400  1052 179.52
FT090A 111129   2  6400  1048 180.63
FT090A 111129   3  6400  1051 179.45
FT090A 111129   4  6400  1055 179.42
FT090A 111130   0  6450  1008 181.04
FT090A 111130   1  6450  1006 179.27
FT090A 111130   2  6450  1005 179.39
FT090A 111130   3  6450  1008 178.67
FT090A 111130   4  6450  1000 178.65
FT090A 111131   0  6500   980 178.32
FT090A 111131   1  6500   976 177.81
FT090A 111131   2  6500   979 179.07
FT090A 111131   3  6500   981 179.31
FT090A 111131   4  6500   975 179.57
FT090A 111132   0  6300  1060 178.96
FT090A 111132   1  6300  1061 179.56
FT090A 111132   2  6300  1059 179.39
FT090A 111132   3  6300  1064 178.73
FT090A 111132   4  6300  1065 179.96
FT090A 111133   0  6350   951 179.15
FT090A 111133   1  6350   951 179.17
FT090A 111133   2  6350   951 179.94
FT090A 111133   3  6350   944 179.27
FT090A 111133   4  6350   946 179.49
FT090A 111134   0  6400   872 178.88
FT090A 111134   1  6400   866 179.05
FT090A 111134   2  6400   867 179.31
FT090A 111134   3  6400   873 178.77
FT090A 111134   4  6400   872 178.70
FT090A 111135   0  6450   818 178.75
FT090A 111135   1  6450   819 179.27
FT090A 111135   2  6450   817 180.30
FT090A 111135   3  6450   818 178.99
FT090A 111135   4  6450   816 179.19
FT090A 111136   0  6500   784 180.01
FT090A 111136   1  6500   781 179.83
FT090A 111136   2  6500   780 179.35
FT090A 111136   3  6500   781 179.44
FT090A 111136   4  6500   787 178.32
FT010A 111816   0  7000  1176 181.27
FT010A 111816   1  7000  1175 180.23
FT010A 111816   2  7000  1174 179.98
FT010A 111816   3  7000  1179 181.14
FT010A 111816   4  7000  1175 180.19
FT010A 111817   0  7050  1089 179.59
FT010A 111817   1  7050  1090 180.42
FT010A 111817   2  7050  1092 181.60
FT010A 111817   3  7050  1094 179.02
FT010A 111817   4  7050  1095 180.41
FT010A 111818   0  7100  1035 179.60
FT010A 111818   1  7100  1040 180.30
FT010A 111818   2  7100  1044 179.73
FT010A 111818   3  7100  1042 179.03
FT010A 111818   4  7100  1039 180.26
FT010A 111819   0  7150  1011 178.98
FT010A 111819   1  7150  1018 178.97
FT010A 111819   2  7150  1014 179.77
FT010A 111819   3  7150  1012 178.91
FT010A 111819   4  7150  1012 179.38
FT010A 111820   0  7200   997 178.10
FT010A 111820   1  7200  1000 179.80
FT010A 111820   2  7200  1001 178.08
FT010A 111820   3  7200  1002 179.33
FT010A 111820   4  7200  1000 178.43
FT010A 111821   0  7000   971 179.01
FT010A 111821   1  7000   977 179.13
FT010A 111821   2  7000     0   0.00
FT010A 111821   3  7000   978 179.67
FT010A 111821   4  7000   973 178.62
FT010A 111822   0  7050     0   0.00
FT010A 111822   1  7050   883 180.98
FT010A 111822   2  7050   879 178.65
FT010A 111822   3  7050   880 179.22
FT010A 111822   4  7050   875 179.13
FT010A 111823   0  7100   817 179.74
FT010A 111823   1  7100   815 177.96
FT010A 111823   2  7100   816 180.30
FT010A 111823   3  7100     0   0.00
FT010A 111823   4  7100   815 179.74
FT010A 111824   0  7150     0   0.00
FT010A 111824   1  7150   782 180.77
FT010A 111824   2  7150     0   0.00
FT010A 111824   3  7150   778 179.62
FT010A 111824   4  7150   777 179.09
FT010A 111825   0  7200   761 179.75
FT010A 111825   1  7200   758 179.51
FT010A 111825   2  7200   758 180.69
FT010A 111825   3  7200   760 180.86
FT010A 111825   4  7200     0   0.00
FT033A 111826   0  5950  1712 180.90
FT033A 111826   1  5950  1710 181.41
FT033A 111826   2  5950  1715 179.94
FT033A 111826   3  5950  1721 180.33
FT033A 111826   4  5950  1713 181.63
FT033A 111827   0  6000  1644 181.23
FT033A 111827   1  6000  1643 180.44
FT033A 111827   2  6000  1641 181.06
FT033A 111827   3  6000  1644 181.28
FT033A 111827   4  6000  1641 181.12
FT033A 111828   0  6050  1590 181.83
FT033A 111828   1  6050  1595 181.87
FT033A 111828   2  6050  1595 180.53
FT033A 111828   3  6050  1597 182.30
FT033A 111828   4  6050  1595 182.08
FT033A 111829   0  6100  1571 181.30
FT033A 111829   1  6100  1575 181.21
FT033A 111829   2  6100  1578 180.87
FT033A 111829   3  6100  1570 180.23
FT033A 111829   4  6100  1579 182.20
FT033A 111830   0  6150  1560 182.22
FT033A 111830   1  6150  1561 180.41
FT033A 111830   2  6150  1561 180.69
FT033A 111830   3  6150  1559 181.37
FT033A 111830   4  6150  1564 180.07
FT033A 111833   0  5950  1408 179.19
FT033A 111833   1  5950  1404 181.68
FT033A 111833   2  5950  1403 180.66
FT033A 111833   3  5950     0   0.00
FT033A 111833   4  5950  1406 180.98
FT033A 111834   0  6000  1317 181.84
FT033A 111834   1  6000  1321 180.31
FT033A 111834   2  6000     0   0.00
FT033A 111834   3  6000  1315 180.28
FT033A 111834   4  6000  1315 180.17
FT033A 111835   0  6050  1258 179.84
FT033A 111835   1  6050  1266 179.57
FT033A 111835   2  6050  1266 182.10
FT033A 111835   3  6050  1263 181.10
FT033A 111835   4  6050     0   0.00
FT033A 111837   0  6100  1231 179.84
FT033A 111837   1  6100     0   0.00
FT033A 111837   2  6100  1232 180.50
FT033A 111837   3  6100     0   0.00
FT033A 111837   4  6100  1232 179.97
FT033A 111836   0  6150  1220 181.26
FT033A 111836   1  6150  1219 179.29
FT033A 111836   2  6150  1220 180.04
FT033A 111836   3  6150  1220 180.95
FT033A 111836   4  6150  1220 181.12
FT048A 111838   0  9000   954 179.03
FT048A 111838   1  9000   954 180.91
FT048A 111838   2  9000   964 178.29
FT048A 111838   3  9000   957 179.48
FT048A 111838   4  9000   958 178.48
FT048A 111839   0  9050   909 179.50
FT048A 111839   1  9050   908 180.32
FT048A 111839   2  9050   909 179.73
FT048A 111839   3  9050   908 179.46
FT048A 111839   4  9050   904 179.98
FT048A 111840   0  9100   871 179.70
FT048A 111840   1  9100   873 179.72
FT048A 111840   2  9100   872 179.68
FT048A 111840   3  9100   870 180.95
FT048A 111840   4  9100   872 179.06
FT048A 111841   0  9150   851 179.35
FT048A 111841   1  9150   848 180.40
FT048A 111841   2  9150   852 178.89
FT048A 111841   3  9150   848 179.20
FT048A 111841   4  9150   846 179.10
FT048A 111842   0  9200   835 180.38
FT048A 111842   1  9200   836 180.00
FT048A 111842   2  9200   839 179.75
FT048A 111842   3  9200   833 180.93
FT048A 111842   4  9200   837 178.51
FT048A 111843   0  9000   764   3.03
FT048A 111843   1  9000     0   0.00
FT048A 111843   2  9000   758   2.61
FT048A 111843   3  9000   758   2.66
FT048A 111843   4  9000     0   0.00
FT048A 111845   0  9050   711   2.68
FT048A 111845   1  9050   713   2.25
FT048A 111845   2  9050   713   2.87
FT048A 111845   3  9050   713   2.07
FT048A 111845   4  9050   714   1.06
FT048A 111846   0  9100   681   1.44
FT048A 111846   1  9100   679   1.95
FT048A 111846   2  9100   676   2.89
FT048A 111846   3  9100   682   3.21
FT048A 111846   4  9100   682   3.34
FT048A 111847   0  9150   656   2.25
FT048A 111847   1  9150   659   2.32
FT048A 111847   2  9150   657   2.92
FT048A 111847   3  9150   658   2.22
FT048A 111847   4  9150   661   2.16
FT048A 111848   0  9200   650   0.89
FT048A 111848   1  9200   647   2.92
FT048A 111848   2  9200   649   1.11
FT048A 111848   3  9200   644   2.03
FT048A 111848   4  9200   648   3.38
FT079A 111849   0  6100  1483 181.04
FT079A 111849   1  6100  1479 182.87
FT079A 111849   2  6100  1484 181.06
FT079A 111849   3  6100  1483 182.27
FT079A 111849   4  6100  1487 182.41
FT079A 111850   0  6150  1343 180.61
FT079A 111850   1  6150  1343 181.39
FT079A 111850   2  6150  1344 180.63
FT079A 111850   3  6150  1350 181.30
FT079A 111850   4  6150  1347 181.29
FT079A 111851   0  6200  1251 180.67
FT079A 111851   1  6200  1249 179.58
FT079A 111851   2  6200  1254 181.38
FT079A 111851   3  6200  1250 181.36
FT079A 111851   4  6200  1249 181.14
FT079A 111852   0  6250  1192 180.71
FT079A 111852   1  6250  1195 180.84
FT079A 111852   2  6250  1190 180.96
FT079A 111852   3  6250  1195 179.14
FT079A 111852   4  6250  1196 180.36
FT079A 111853   0  6300  1172 180.63
FT079A 111853   1  6300  1173 181.15
FT079A 111853   2  6300  1171 179.31
FT079A 111853   3  6300  1170 179.31
FT079A 111853   4  6300  1172 180.90
FT079A 111854   0  6100  1264   2.80
FT079A 111854   1  6100  1262   3.19
FT079A 111854   2  6100  1265   2.24
FT079A 111854   3  6100  1262   3.41
FT079A 111854   4  6100  1263   2.87
FT079A 111855   0  6150  1126   1.79
FT079A 111855   1  6150  1123   3.12
FT079A 111855   2  6150  1128   1.36
FT079A 111855   3  6150  1123   3.16
FT079A 111855   4  6150  1121   3.34
FT079A 111856   0  6200  1029   3.28
FT079A 111856   1  6200  1026   2.64
FT079A 111856   2  6200  1027   2.64
FT079A 111856   3  6200  1025   3.53
FT079A 111856   4  6200  1027   1.60
FT079A 111857   0  6250   970   3.41
FT079A 111857   1  6250   974   2.83
FT079A 111857   2  6250   970   0.51
FT079A 111857   3  6250   970   3.46
FT079A 111857   4  6250   973   2.03
FT079A 111858   0  6300   948   2.93
FT079A 111858   1  6300   943   3.43
FT079A 111858   2  6300   941   2.80
FT079A 111858   3  6300   946   0.79
FT079A 111858   4  6300   948   2.36
FT090A 111859   0  6300  1225 180.93
FT090A 111859   1  6300  1223 178.66
FT090A 111859   2  6300  1230 179.77
FT090A 111859   3  6300  1232 180.89
FT090A 111859   4  6300  1227 178.90
FT090A 111860   0  6350  1126 178.32
FT090A 111860   1  6350  1129 180.01
FT090A 111860   2  6350  1129 179.92
FT090A 111860   3  6350  1131 180.81
FT090A 111860   4  6350  1126 180.12
FT090A 111861   0  6400  1056 179.20
FT090A 111861   1  6400  1053 180.23
FT090A 111861   2  6400  1054 179.85
FT090A 111861   3  6400  1064 179.16
FT090A 111861   4  6400  1058 180.93
FT090A 111862   0  6450  1011 179.17
FT090A 111862   1  6450  1010 180.37
FT090A 111862   2  6450  1012 180.66
FT090A 111862   3  6450  1007 180.00
FT090A 111862   4  6450  1010 179.04
FT090A 111863   0  6500   984 178.63
FT090A 111863   1  6500   983 178.87
FT090A 111863   2  6500   985 180.26
FT090A 111863   3  6500   983 178.82
FT090A 111863   4  6500   985 179.23
FT090A 111864   0  6300  1065 179.50
FT090A 111864   1  6300  1068 178.83
FT090A 111864   2  6300  1074 179.18
FT090A 111864   3  6300  1070 179.98
FT090A 111864   4  6300  1070 178.68
FT090A 111865   0  6350   961 180.22
FT090A 111865   1  6350   953 179.46
FT090A 111865   2  6350   955 178.45
FT090A 111865   3  6350   960 180.35
FT090A 111865   4  6350   952 179.36
FT090A 111866   0  6400   873 179.99
FT090A 111866   1  6400   881 178.24
FT090A 111866   2  6400   880 178.40
FT090A 111866   3  6400   880 179.67
FT090A 111866   4  6400   882 178.67
FT090A 111867   0  6450   823 180.37
FT090A 111867   1  6450   823 178.65
FT090A 111867   2  6450   829 178.67
FT090A 111867   3  6450   824 179.41
FT090A 111867   4  6450   824 177.91
FT090A 111868   0  6500   790 179.75
FT090A 111868   1  6500   789 178.65
FT090A 111868   2  6500   787 179.26
FT090A 111868   3  6500   787 177.59
FT090A 111868   4  6500   788 178.40
FT010A 115754   0  7000  1097 179.49
FT010A 115754   1  7000  1099 179.83
FT010A 115754   2  7000  1101 179.17
FT010A 115754   3  7000  1098 179.29
FT010A 115754   4  7000  1099 179.89
FT010A 115755   0  7050  1023 179.09
FT010A 115755   1  7050  1025 178.95
FT010A 115755   2  7050  1024 179.32
FT010A 115755   3  7050  1022 179.15
FT010A 115755   4  7050  1024 179.00
FT010A 115756   0  7100   975 177.59
FT010A 115756   1  7100   977 177.96
FT010A 115756   2  7100   978 180.15
FT010A 115756   3  7100   975 178.95
FT010A 115756   4  7100   974 177.95
FT010A 115757   0  7150   949 178.82
FT010A 115757   1  7150   951 179.49
FT010A 115757   2  7150   949 178.76
FT010A 115757   3  7150   957 180.51
FT010A 115757   4  7150   951 179.87
FT010A 115758   0  7200   937 178.92
FT010A 115758   1  7200   932 180.54
FT010A 115758   2  7200   937 180.50
FT010A 115758   3  7200   939 177.12
FT010A 115758   4  7200   940 180.28
FT010A 115759   0  7000   952 178.92
FT010A 115759   1  7000   948 179.86
FT010A 115759   2  7000   948 179.76
FT010A 115759   3  7000   949 179.45
FT010A 115759   4  7000   946 180.41
FT010A 115760   0  7050   858 177.27
FT010A 115760   1  7050   857 179.50
FT010A 115760   2  7050   861 179.28
FT010A 115760   3  7050   858 179.78
FT010A 115760   4  7050   860 177.72
FT010A 115761   0  7100   800 179.47
FT010A 115761   1  7100   799 179.85
FT010A 115761   2  7100   802 180.66
FT010A 115761   3  7100   806 180.31
FT010A 115761   4  7100   802 178.94
FT010A 115762   0  7150   766 179.98
FT010A 115762   1  7150   769 179.16
FT010A 115762   2  7150   765 179.32
FT010A 115762   3  7150   770 181.12
FT010A 115762   4  7150   767 180.73
FT010A 115763   0  7200   752 179.83
FT010A 115763   1  7200   751 179.60
FT010A 115763   2  7200   751 179.44
FT010A 115763   3  7200   752 179.88
FT010A 115763   4  7200   750 179.97
FT033A 115764   0  5950  1682 182.16
FT033A 115764   1  5950  1689 180.80
FT033A 115764   2  5950  1688 179.70
FT033A 115764   3  5950  1685 180.95
FT033A 115764   4  5950  1688 181.55
FT033A 115765   0  6000  1623 180.47
FT033A 115765   1  6000  1617 181.58
FT033A 115765   2  6000  1620 180.46
FT033A 115765   3  6000  1625 182.44
FT033A 115765   4  6000  1625 181.12
FT033A 115766   0  6050  1582 181.26
FT033A 115766   1  6050  1577 182.24
FT033A 115766   2  6050  1576 181.32
FT033A 115766   3  6050  1582 181.23
FT033A 115766   4  6050  1585 181.68
FT033A 115767   0  6100  1559 181.25
FT033A 115767   1  6100  1557 181.63
FT033A 115767   2  6100  1566 181.98
FT033A 115767   3  6100  1559 181.63
FT033A 115767   4  6100  1562 179.56
FT033A 115768   0  6150  1552 180.73
FT033A 115768   1  6150  1553 181.76
FT033A 115768   2  6150  1551 179.86
FT033A 115768   3  6150  1551 180.33
FT033A 115768   4  6150  1552 182.18
FT033A 115769   0  5950  1388 181.17
FT033A 115769   1  5950  1385 181.45
FT033A 115769   2  5950  1390 181.01
FT033A 115769   3  5950  1387 180.28
FT033A 115769   4  5950  1388 180.84
FT033A 115770   0  6000  1304 180.11
FT033A 115770   1  6000  1305 181.08
FT033A 115770   2  6000  1301 181.48
FT033A 115770   3  6000  1305 180.59
FT033A 115770   4  6000  1300 180.09
FT033A 115771   0  6050  1252 180.38
FT033A 115771   1  6050  1253 179.28
FT033A 115771   2  6050  1255 180.33
FT033A 115771   3  6050  1250 180.95
FT033A 115771   4  6050  1258 179.85
FT033A 115772   0  6100  1221 180.78
FT033A 115772   1  6100  1228 180.58
FT033A 115772   2  6100  1229 181.85
FT033A 115772   3  6100  1225 180.38
FT033A 115772   4  6100  1230 180.97
FT033A 115773   0  6150  1208 180.49
FT033A 115773   1  6150  1212 180.02
FT033A 115773   2  6150  1212 180.19
FT033A 115773   3  6150  1210 180.85
FT033A 115773   4  6150  1216 180.33
FT048A 115775   0  9000   949 179.90
FT048A 115775   1  9000   947 179.13
FT048A 115775   2  9000   951 178.95
FT048A 115775   3  9000   956 178.91
FT048A 115775   4  9000   954 179.54
FT048A 115776   0  9050   900 178.85
FT048A 115776   1  9050   898 178.71
FT048A 115776   2  9050   904 180.28
FT048A 115776   3  9050   899 179.04
FT048A 115776   4  9050   899 179.90
FT048A 115777   0  9100   867 178.98
FT048A 115777   1  9100   862 179.74
FT048A 115777   2  9100   867 181.41
FT048A 115777   3  9100   863 179.01
FT048A 115777   4  9100   863 179.00
FT048A 115778   0  9150   844 179.09
FT048A 115778   1  9150   842 178.99
FT048A 115778   2  9150   841 179.21
FT048A 115778   3  9150   843 179.34
FT048A 115778   4  9150   839 179.11
FT048A 115779   0  9200   829 179.17
FT048A 115779   1  9200   829 179.34
FT048A 115779   2  9200   830 178.69
FT048A 115779   3  9200   830 180.63
FT048A 115779   4  9200   831 180.06
FT048A 115780   0  9000   754   1.81
FT048A 115780   1  9000   751   0.00
FT048A 115780   2  9000   756   2.95
FT048A 115780   3  9000   754   3.56
FT048A 115780   4  9000   754   0.89
FT048A 115781   0  9050   706   1.88
FT048A 115781   1  9050   705   1.79
FT048A 115781   2  9050   703   2.34
FT048A 115781   3  9050   705   1.76
FT048A 115781   4  9050   706   2.77
FT048A 115782   0  9100   670   2.29
FT048A 115782   1  9100   677   3.58
FT048A 115782   2  9100   674   1.95
FT048A 115782   3  9100   673   1.54
FT048A 115782   4  9100   674   3.22
FT048A 115783   0  9150   657   3.04
FT048A 115783   1  9150   655   3.13
FT048A 115783   2  9150   656   3.36
FT048A 115783   3  9150   657   3.30
FT048A 115783   4  9150   654   2.01
FT048A 115784   0  9200   643   3.06
FT048A 115784   1  9200   646   3.47
FT048A 115784   2  9200   644   1.99
FT048A 115784   3  9200   644   0.68
FT048A 115784   4  9200   648   2.49
FT079A 115785   0  6100  1445 182.28
FT079A 115785   1  6100  1441 181.96
FT079A 115785   2  6100  1440 182.22
FT079A 115785   3  6100  1439 181.64
FT079A 115785   4  6100  1437 180.68
FT079A 115786   0  6150  1309 180.40
FT079A 115786   1  6150  1310 180.40
FT079A 115786   2  6150  1310 181.57
FT079A 115786   3  6150  1312 181.38
FT079A 115786   4  6150  1312 180.59
FT079A 115787   0  6200  1229 180.70
FT079A 115787   1  6200  1226 180.63
FT079A 115787   2  6200  1228 180.42
FT079A 115787   3  6200  1228 180.98
FT079A 115787   4  6200  1229 179.08
FT079A 115788   0  6250  1181 180.07
FT079A 115788   1  6250  1183 181.62
FT079A 115788   2  6250  1184 178.57
FT079A 115788   3  6250  1181 178.99
FT079A 115788   4  6250  1183 179.90
FT079A 115789   0  6300  1160 180.33
FT079A 115789   1  6300  1156 178.58
FT079A 115789   2  6300  1158 179.96
FT079A 115789   3  6300  1159 180.74
FT079A 115789   4  6300  1162 181.57
FT079A 115790   0  6100  1219   1.80
FT079A 115790   1  6100  1224   2.36
FT079A 115790   2  6100  1224   2.93
FT079A 115790   3  6100  1224   2.40
FT079A 115790   4  6100  1220   2.64
FT079A 115791   0  6150  1091   1.76
FT079A 115791   1  6150  1096   2.81
FT079A 115791   2  6150  1091   2.88
FT079A 115791   3  6150  1091   2.72
FT079A 115791   4  6150  1091   2.33
FT079A 115792   0  6200  1007   3.41
FT079A 115792   1  6200  1008   0.53
FT079A 115792   2  6200  1003   0.58
FT079A 115792   3  6200  1010   3.43
FT079A 115792   4  6200  1005   1.42
FT079A 115793   0  6250   959   3.19
FT079A 115793   1  6250   956   3.12
FT079A 115793   2  6250   959   1.79
FT079A 115793   3  6250   957   1.94
FT079A 115793   4  6250   960   2.89
FT079A 115794   0  6300   937   2.42
FT079A 115794   1  6300   936   3.48
FT079A 115794   2  6300   936   3.36
FT079A 115794   3  6300   937   2.66
FT079A 115794   4  6300   936   3.57
FT090A 115795   0  6300  1146 179.91
FT090A 115795   1  6300  1146 178.87
FT090A 115795   2  6300  1143 179.80
FT090A 115795   3  6300  1143 179.87
FT090A 115795   4  6300  1142 181.45
FT090A 115796   0  6350  1047 179.41
FT090A 115796   1  6350  1048 178.58
FT090A 115796   2  6350  1046 178.75
FT090A 115796   3  6350  1044 177.61
FT090A 115796   4  6350  1050 179.69
FT090A 115797   0  6400   982 179.32
FT090A 115797   1  6400   984 179.38
FT090A 115797   2  6400   981 180.41
FT090A 115797   3  6400   983 178.75
FT090A 115797   4  6400   983 179.73
FT090A 115798   0  6450   939 179.49
FT090A 115798   1  6450   939 179.01
FT090A 115798   2  6450   936 178.93
FT090A 115798   3  6450   935 179.11
FT090A 115798   4  6450   936 178.69
FT090A 115799   0  6500   916 178.79
FT090A 115799   1  6500   913 178.03
FT090A 115799   2  6500   917 177.89
FT090A 115799   3  6500   914 179.50
FT090A 115799   4  6500   913 179.53
FT090A 115800   0  6300  1041 179.37
FT090A 115800   1  6300  1045 180.55
FT090A 115800   2  6300  1042 179.44
FT090A 115800   3  6300  1043 180.05
FT090A 115800   4  6300  1040 180.35
FT090A 115801   0  6350   937 179.48
FT090A 115801   1  6350   941 179.80
FT090A 115801   2  6350   934 180.62
FT090A 115801   3  6350   931 179.09
FT090A 115801   4  6350   940 181.05
FT090A 115802   0  6400   855 179.49
FT090A 115802   1  6400   858 179.31
FT090A 115802   2  6400   859 180.01
FT090A 115802   3  6400   856 179.02
FT090A 115802   4  6400   859 178.38
FT090A 115803   0  6450   810 179.08
FT090A 115803   1  6450   810 179.36
FT090A 115803   2  6450   805 178.43
FT090A 115803   3  6450   806 179.27
FT090A 115803   4  6450   807 180.29
FT090A 115804   0  6500   780 178.19
FT090A 115804   1  6500   778 179.44
FT090A 115804   2  6500   781 178.93
FT090A 115804   3  6500   781 179.69
FT090A 115804   4  6500   778 177.92
