110163
110165
110166
110167
110168
110171
110172
110173
110174
110175
110180
110181
110182
110183
110184
110185
110186
110187
110188
110189
110193
110194
110195
110196
110197
110198
110199
110200
110201
110202
110204
110205
110206
110207
110208
110209
110210
110211
110212
110213
110216
110217
110218
110219
110220
110221
110222
110223
110224
110225
111087
111088
111089
111090
111091
111092
111093
111094
111095
111096
111097
111098
111099
111100
111101
111102
111103
111104
111105
111106
111107
111108
111109
111110
111111
111112
111113
111114
111115
111116
111117
111118
111119
111120
111121
111122
111123
111124
111125
111126
111127
111128
111129
111130
111131
111132
111133
111134
111135
111136
111816
111817
111818
111819
111820
111821
111822
111823
111824
111825
111826
111827
111828
111829
111830
111833
111834
111835
111837
111836
111838
111839
111840
111841
111842
111843
111845
111846
111847
111848
111849
111850
111851
111852
111853
111854
111855
111856
111857
111858
111859
111860
111861
111862
111863
111864
111865
111866
111867
111868
115754
115755
115756
115757
115758
115759
115760
115761
115762
115763
115764
115765
115766
115767
115768
115769
115770
115771
115772
115773
115775
115776
115777
115778
115779
115780
115781
115782
115783
115784
115785
115786
115787
115788
115789
115790
115791
115792
115793
115794
115795
115796
115797
115798
115799
115800
115801
115802
115803
115804
