204401
204403
204409
204411
204413
204415
204420
204423
204425
204429
204431
204437
204439
204441
204442
204444
204446
204448
204450
204452
204454
204456
204460
204462
204464
204467
204469
204471
204473
204475
204477
204479
204481
204483
204485
204487
204489
204491
204493
204495
204497
204499
204501
204503
204505
204507
204509
204511
204513
204515
204517
204519
204521
204523
204525
204527
204529
204531
204533
204535
204537
204541
204543
204545
204547
204549
204551
204553
204555
204557
204559
204561
204563
204565
204567
204569
204571
204573
204575
204577
204579
204581
204583
204585
204601
204589
204605
204593
204595
204597
204599
