114670
114673
114675
114677
114679
114681
114683
114685
114687
114689
114691
114693
114695
114697
114699
114701
114703
114705
114707
114709
114711
114713
114715
114717
114720
114722
114724
114726
114728
114730
114732
114734
114736
114738
114740
114742
114744
114746
114748
114750
114752
114754
114756
114787
114789
114794
114796
114798
114800
114802
114804
114806
114808
114810
114812
114817
114819
114821
114824
114826
114828
114830
114832
114834
114836
115672
115674
115676
115678
115682
115684
115686
115688
115690
115692
115694
115696
115707
115711
115713
115716
115718
115722
115725
115728
115730
115732
115738
115740
115742
115744
115746
115749
115751
115753
