102260
102264
102268
102161
102274
102278
102281
102286
102290
102165
102293
102296
102300
102304
102168
102306
102310
102313
102315
101374
101381
101386
101391
101404
101410
101500
101498
101414
101502
101505
101509
101512
101515
101530
101533
101528
101537
101543
101548
101553
101558
101560
101564
101567
101570
101579
102157
101705
101717
101721
101726
101730
101735
101740
101745
101749
101756
101759
101763
101771
101774
101780
101787
101793
101795
101799
101933
101806
101809
101811
101815
101819
101822
101824
101827
101831
101834
101839
101842
101845
101849
101852
102178
101889
101892
101895
101898
101903
101905
101910
101913
101915
101944
102183
101929
