201388
201390
201392
201394
201396
201398
201401
201403
201405
201407
201409
201411
201413
201415
201417
201419
201421
201423
201425
201427
201432
201434
201436
201438
201440
201442
201444
201446
201448
201450
201452
201454
201456
201462
201464
201466
201468
201470
201473
201475
201477
201479
201481
201483
201493
201504
201506
201508
201510
201512
201514
201516
201518
201520
201522
201524
201526
201528
201530
201532
201534
201538
201540
201542
201544
201546
201548
201550
201552
201554
201557
201559
201561
201565
201567
201569
201571
201573
201575
201577
201579
201581
201583
201585
201587
201589
201591
201595
201597
201602
201606
201611
201613
201617
201620
