253803
253805
253808
253811
253815
253821
253823
253825
253827
253829
253832
253835
253837
253842
253844
253847
253849
253855
253857
253861
253863
253865
253867
253869
253871
253875
253880
253882
253885
253887
253889
253893
253895
253897
253899
253901
253903
253905
253907
253909
253911
253913
253916
253920
253922
253925
253927
253929
253931
253934
253936
253938
253940
253942
253947
253949
253951
253955
253957
253959
253961
253964
253966
253968
253971
253973
253977
253979
253981
253983
253985
253987
253989
253996
253998
254001
254003
254005
254007
254009
254011
254013
254015
254017
254019
254023
254025
254027
254029
254031
254033
254035
254037
254046
254052
