117790
117578
117580
117582
117584
117586
117588
117590
117592
117594
117598
117792
117602
117604
117606
117608
117610
117612
117614
117616
117618
117620
117622
117624
117626
117628
117630
117632
117634
117636
117638
117640
117642
117644
117646
117654
117656
117658
117660
117662
117664
117666
117668
117670
117672
117779
117782
117680
117784
117684
117686
117688
117690
117692
117694
117696
117698
117700
117702
117704
117786
117708
117788
117712
117714
117716
117718
117720
117722
117724
117776
117728
117730
117732
117734
117736
117738
117740
117742
117744
117746
117748
117750
117752
117754
117756
117758
117760
117762
117764
117766
117768
117770
117772
117774
