#Run Subrun PIN RMS
#------------------
102260   0   716 180.14
102260   1   722 179.86
102260   2   723 180.15
102260   3   725 180.64
102260   4   725 179.84
102260   5   725 179.48
102260   6   727 179.82
102260   7   724 179.05
102260   8   724 180.14
102260   9   724 178.41
102260  10   727 180.04
102260  11   726 180.25
102260  12   730 179.64
102260  13   728 180.91
102260  14   721 180.37
102260  15   725 179.99
102260  16   728 181.29
102260  17   730 180.61
102260  18   721 181.21
102260  19   727 179.43
102260  20   727 180.37
102260  21   730 180.11
102260  22   727 180.22
102260  23   726 181.50
102260  24   724 180.67
102260  25   726 180.70
102260  26   725 180.19
102260  27   725 179.20
102260  28   722 179.72
102260  29   729 181.51
102260  30   728 180.43
102260  31   727 179.51
102260  32   724 179.13
102260  33   726 178.94
102260  34   729 180.32
102260  35   724 180.62
102260  36   727 180.81
102260  37   726 179.80
102260  38   726 180.03
102260  39   724 180.30
102264   0  1183 180.44
102264   1  1182 179.87
102264   2  1191 181.40
102264   3  1187 178.75
102264   4  1188 180.79
102264   5  1182 180.37
102264   6  1190 180.06
102264   7  1188 181.86
102264   8  1186 180.52
102264   9  1190 180.66
102264  10  1188 180.79
102264  11  1191 181.80
102264  12  1186 181.59
102264  13  1189 181.25
102264  14  1189 180.79
102264  15  1187 182.24
102264  16  1188 180.92
102264  17  1189 181.46
102264  18  1187 181.50
102264  19  1192 179.87
102264  20  1186 179.37
102264  21  1185 181.42
102264  22  1189 180.33
102264  23  1192 180.83
102264  24  1187 180.59
102264  25  1189 182.10
102264  26  1186 180.55
102264  27  1188 181.02
102264  28  1191 180.73
102264  29  1189 181.05
102264  30  1190 179.99
102264  31  1191 180.75
102264  32  1188 181.87
102264  33  1189 181.11
102264  34  1189 180.08
102264  35  1188 180.60
102264  36  1185 181.35
102264  37  1188 180.77
102264  38  1186 181.44
102264  39  1186 181.32
102268   0  1335 182.30
102268   1  1331 180.15
102268   2  1334 181.09
102268   3  1334 180.81
102268   4  1337 181.62
102268   5  1335 180.59
102268   6  1338 182.74
102268   7  1335 180.84
102268   8  1332 180.47
102268   9  1334 180.84
102268  10  1334 181.26
102268  11  1332 181.18
102268  12  1336 182.42
102268  13  1338 179.88
102268  14  1331 181.77
102268  15  1336 180.74
102268  16  1337 181.16
102268  17  1338 180.34
102268  18  1340 182.27
102268  19  1337 181.23
102268  20  1335 180.69
102268  21  1336 181.01
102268  22  1336 181.08
102268  23  1339 178.52
102268  24  1337 179.86
102268  25  1336 180.56
102268  26  1334 181.70
102268  27  1335 181.04
102268  28  1342 182.01
102268  29  1337 180.38
102268  30  1338 180.10
102268  31  1339 181.19
102268  32  1336 181.36
102268  33  1337 180.58
102268  34  1336 181.12
102268  35  1337 182.51
102268  36  1334 181.30
102268  37  1335 180.04
102268  38  1331 182.82
102268  39  1339 179.89
102161   0  1512 181.99
102161   1  1512 182.09
102161   2  1511 183.18
102161   3  1510 181.41
102161   4  1518 182.33
102161   5  1514 183.12
102161   6  1511 182.45
102161   7  1504 181.68
102161   8  1508 181.01
102161   9  1515 182.85
102161  10  1512 182.88
102161  11  1511 181.52
102161  12  1512 181.79
102161  13  1514 181.35
102161  14  1513 182.92
102161  15  1509 181.09
102161  16  1510 182.92
102161  17  1510 181.91
102161  18  1512 181.75
102161  19  1510 181.16
102161  20  1513 181.29
102161  21  1512 181.86
102161  22  1511 181.64
102161  23  1514 182.57
102161  24  1516 182.95
102161  25  1514 181.92
102161  26  1511 180.84
102161  27  1510 181.63
102161  28  1513 181.43
102161  29  1516 181.71
102161  30  1512 183.21
102161  31  1512 180.42
102161  32  1516 182.75
102161  33  1515 182.07
102161  34  1514 182.32
102161  35  1515 181.30
102161  36  1509 180.47
102161  37  1516 181.65
102161  38  1512 182.73
102161  39  1515 181.61
102274   0  1104 180.07
102274   1  1111 179.44
102274   2  1110 180.64
102274   3  1108 179.70
102274   4  1108 180.46
102274   5  1111 180.05
102274   6  1112 180.13
102274   7  1105 180.56
102274   8  1109 180.07
102274   9  1111 180.47
102274  10  1110 181.38
102274  11  1108 179.22
102274  12  1108 180.09
102274  13  1110 179.77
102274  14  1111 179.51
102274  15  1108 177.81
102274  16  1111 179.90
102274  17  1108 181.81
102274  18  1109 179.98
102274  19  1109 180.55
102274  20  1110 179.12
102274  21  1112 180.94
102274  22  1111 178.54
102274  23  1109 179.10
102274  24  1110 180.08
102274  25  1110 179.86
102274  26  1111 179.77
102274  27  1112 179.67
102274  28  1112 178.25
102274  29  1108 179.98
102274  30  1111 180.34
102274  31  1110 179.08
102274  32  1105 179.52
102274  33  1107 179.45
102274  34  1112 178.76
102274  35  1107 182.19
102274  36  1108 180.12
102274  37  1110 180.44
102274  38  1107 178.38
102274  39  1106 179.12
102278   0   846 179.26
102278   1   841 180.04
102278   2   845 179.76
102278   3   846 178.58
102278   4   841 179.42
102278   5   845 180.77
102278   6   842 180.66
102278   7   843 180.42
102278   8   846 179.01
102278   9   844 179.63
102278  10   845 179.90
102278  11   846 178.63
102278  12   841 180.00
102278  13   840 179.45
102278  14   844 179.62
102278  15   848 179.80
102278  16   843 180.10
102278  17   845 180.14
102278  18   842 179.20
102278  19   844 178.73
102278  20   843 180.28
102278  21   844 179.27
102278  22   844 178.98
102278  23   840 179.84
102278  24   845 178.83
102278  25   848 178.57
102278  26   843 179.77
102278  27   846 180.45
102278  28   843 180.43
102278  29   841 180.51
102278  30   844 178.16
102278  31   843 178.33
102278  32   846 179.32
102278  33   838 180.44
102278  34   844 179.93
102278  35   838 178.91
102278  36   839 179.43
102278  37   844 179.22
102278  38   848 180.42
102278  39   848 179.86
102281   0  1318 182.30
102281   1  1318 180.02
102281   2  1326 180.08
102281   3  1320 181.65
102281   4  1319 179.10
102281   5  1321 180.33
102281   6  1318 181.09
102281   7  1317 180.96
102281   8  1321 180.22
102281   9  1319 181.29
102281  10  1321 181.80
102281  11  1324 181.60
102281  12  1324 181.36
102281  13  1319 180.20
102281  14  1323 180.36
102281  15  1321 180.74
102281  16  1320 180.63
102281  17  1322 180.06
102281  18  1318 179.96
102281  19  1316 182.37
102281  20  1319 180.78
102281  21  1321 180.82
102281  22  1321 181.52
102281  23  1319 180.85
102281  24  1322 181.75
102281  25  1323 180.61
102281  26  1322 180.60
102281  27  1323 181.72
102281  28  1319 180.15
102281  29  1320 179.78
102281  30  1322 179.99
102281  31  1322 179.84
102281  32  1325 182.60
102281  33  1323 181.68
102281  34  1322 181.42
102281  35  1322 180.24
102281  36  1324 180.68
102281  37  1324 182.46
102281  38  1321 180.01
102281  39  1322 180.68
102286   0  1202 178.65
102286   1  1200 180.06
102286   2  1200 180.28
102286   3  1204 180.26
102286   4  1203 181.05
102286   5  1204 181.07
102286   6  1203 179.53
102286   7  1198 180.07
102286   8  1204 180.79
102286   9  1203 180.07
102286  10  1203 179.11
102286  11  1202 181.44
102286  12  1202 181.10
102286  13  1201 180.15
102286  14  1199 179.75
102286  15  1200 180.28
102286  16  1204 180.36
102286  17  1200 179.92
102286  18  1205 181.10
102286  19  1203 180.54
102286  20  1201 179.49
102286  21  1199 181.43
102286  22  1203 180.28
102286  23  1198 179.68
102286  24  1203 180.57
102286  25  1201 180.38
102286  26  1204 180.53
102286  27  1204 179.27
102286  28  1200 181.10
102286  29  1198 179.93
102286  30  1200 181.75
102286  31  1202 180.49
102286  32  1200 180.93
102286  33  1198 180.96
102286  34  1199 180.01
102286  35  1202 179.35
102286  36  1204 180.71
102286  37  1201 180.35
102286  38  1199 179.99
102286  39  1199 180.77
102290   0  1312 180.29
102290   1  1315 180.59
102290   2  1318 181.41
102290   3  1316 182.54
102290   4  1315 181.25
102290   5  1319 180.70
102290   6  1318 181.17
102290   7  1319 182.40
102290   8  1319 181.26
102290   9  1318 180.79
102290  10  1317 181.26
102290  11  1316 180.14
102290  12  1318 181.96
102290  13  1321 180.09
102290  14  1318 179.84
102290  15  1317 181.16
102290  16  1317 181.69
102290  17  1316 180.05
102290  18  1316 180.96
102290  19  1312 180.69
102290  20  1315 180.68
102290  21  1313 180.82
102290  22  1319 181.82
102290  23  1316 181.63
102290  24  1320 181.66
102290  25  1317 180.33
102290  26  1314 181.55
102290  27  1315 182.05
102290  28  1316 181.27
102290  29  1318 180.72
102290  30  1318 181.93
102290  31  1315 181.42
102290  32  1319 180.41
102290  33  1316 182.52
102290  34  1313 181.13
102290  35  1319 180.64
102290  36  1314 181.54
102290  37  1321 180.60
102290  38  1320 180.33
102290  39  1317 181.42
102165   0  1014 178.06
102165   1  1016 180.42
102165   2  1020 179.21
102165   3  1018 180.48
102165   4  1024 178.46
102165   5  1016 178.33
102165   6  1019 180.51
102165   7  1017 179.23
102165   8  1022 179.93
102165   9  1020 179.23
102165  10  1014 177.08
102165  11  1018 179.39
102165  12  1021 179.66
102165  13  1021 178.60
102165  14  1018 180.35
102165  15  1020 178.23
102165  16  1020 178.56
102165  17  1016 178.93
102165  18  1019 179.90
102165  19  1022 178.91
102165  20  1021 179.77
102165  21  1017 179.19
102165  22  1015 178.90
102165  23  1018 178.46
102165  24  1024 179.27
102165  25  1024 179.46
102165  26  1019 180.43
102165  27  1017 179.55
102165  28  1017 180.30
102165  29  1024 180.49
102165  30  1017 178.79
102165  31  1019 179.06
102165  32  1017 179.36
102165  33  1016 180.65
102165  34  1018 179.42
102165  35  1020 178.79
102165  36  1020 178.54
102165  37  1018 180.40
102165  38  1017 180.60
102165  39  1019 179.06
102293   0  1832 180.23
102293   1  1828 182.32
102293   2  1828 179.41
102293   3  1830 180.51
102293   4  1834 180.67
102293   5  1833 179.95
102293   6  1832 181.61
102293   7  1832 181.31
102293   8  1831 181.40
102293   9  1831 181.78
102293  10  1834 180.20
102293  11  1827 181.40
102293  12  1829 180.29
102293  13  1832 181.28
102293  14  1833 180.66
102293  15  1826 180.57
102293  16  1828 181.56
102293  17  1828 181.42
102293  18  1829 181.64
102293  19  1831 182.18
102293  20  1830 181.32
102293  21  1830 181.90
102293  22  1827 180.90
102293  23  1831 180.77
102293  24  1828 181.02
102293  25  1826 180.47
102293  26  1830 180.71
102293  27  1830 180.07
102293  28  1833 179.70
102293  29  1829 180.26
102293  30  1831 179.79
102293  31  1825 181.64
102293  32  1825 182.80
102293  33  1829 181.17
102293  34  1826 181.55
102293  35  1825 180.98
102293  36  1828 180.92
102293  37  1823 180.95
102293  38  1828 181.85
102293  39  1825 182.51
102296   0  2184 180.15
102296   1  2170 178.64
102296   2  2179 179.75
102296   3  2181 179.73
102296   4  2184 180.44
102296   5  2187 180.17
102296   6  2192 179.72
102296   7  2181 179.43
102296   8  2178 177.73
102296   9  2163 179.11
102296  10  2177 181.05
102296  11  2175 179.48
102296  12  2177 180.06
102296  13  2174 179.51
102296  14  2173 179.49
102296  15  2176 180.50
102296  16  2178 180.10
102296  17  2169 180.34
102296  18  2168 180.81
102296  19  2172 178.62
102296  20  2189 180.90
102296  21  2185 180.51
102296  22  2182 180.36
102296  23  2185 180.34
102296  24  2177 180.26
102296  25  2173 180.88
102296  26  2172 180.69
102296  27  2177 179.72
102296  28  2174 178.62
102296  29  2175 179.87
102296  30  2180 179.84
102296  31  2184 179.88
102296  32  2179 181.49
102296  33  2177 180.33
102296  34  2180 180.56
102296  35  2173 180.82
102296  36  2175 178.51
102296  37  2180 180.94
102296  38  2173 180.07
102296  39  2165 179.69
102300   0   968 178.39
102300   1   967 179.60
102300   2   963 179.61
102300   3   964 179.54
102300   4   964 180.36
102300   5   962 179.52
102300   6   963 178.87
102300   7   967 179.84
102300   8   965 179.66
102300   9   970 179.28
102300  10   968 178.88
102300  11   970 179.92
102300  12   965 180.59
102300  13   965 180.16
102300  14   962 178.06
102300  15   967 179.23
102300  16   966 178.84
102300  17   963 179.01
102300  18   965 178.67
102300  19   965 181.03
102300  20   959 179.01
102300  21   963 179.30
102300  22   965 180.91
102300  23   965 179.36
102300  24   964 178.64
102300  25   966 179.78
102300  26   966 180.46
102300  27   965 178.41
102300  28   966 178.54
102300  29   959 180.34
102300  30   967 179.34
102300  31   965 178.20
102300  32   965 180.17
102300  33   963 178.99
102300  34   967 178.42
102300  35   967 179.68
102300  36   961 178.47
102300  37   964 179.27
102300  38   961 179.20
102300  39   965 179.20
102304   0  1486 180.84
102304   1  1488 181.96
102304   2  1486 182.22
102304   3  1486 180.56
102304   4  1488 181.26
102304   5  1480 180.92
102304   6  1492 181.01
102304   7  1489 181.13
102304   8  1486 181.26
102304   9  1486 181.46
102304  10  1486 180.66
102304  11  1487 181.45
102304  12  1489 181.70
102304  13  1487 181.04
102304  14  1488 180.97
102304  15  1486 181.61
102304  16  1484 181.55
102304  17  1490 180.31
102304  18  1486 181.12
102304  19  1489 181.39
102304  20  1496 180.49
102304  21  1489 182.13
102304  22  1489 179.52
102304  23  1486 180.27
102304  24  1489 181.03
102304  25  1489 180.70
102304  26  1491 181.14
102304  27  1486 181.17
102304  28  1485 181.29
102304  29  1488 181.54
102304  30  1494 181.63
102304  31  1493 182.15
102304  32  1487 181.27
102304  33  1487 180.99
102304  34  1485 180.96
102304  35  1490 181.42
102304  36  1486 181.23
102304  37  1484 179.98
102304  38  1488 181.39
102304  39  1488 181.42
102168   0  1052 179.70
102168   1  1044 179.69
102168   2  1047 181.45
102168   3  1050 180.51
102168   4  1050 180.24
102168   5  1045 180.30
102168   6  1054 180.78
102168   7  1052 181.19
102168   8  1050 181.22
102168   9  1048 180.72
102168  10  1051 180.17
102168  11  1053 180.35
102168  12  1053 180.16
102168  13  1050 180.88
102168  14  1052 180.29
102168  15  1052 181.41
102168  16  1049 181.21
102168  17  1047 179.72
102168  18  1049 179.29
102168  19  1049 180.34
102168  20  1051 181.36
102168  21  1054 179.46
102168  22  1051 180.40
102168  23  1055 180.24
102168  24  1055 179.49
102168  25  1055 180.77
102168  26  1050 181.19
102168  27  1054 179.59
102168  28  1055 179.40
102168  29  1052 180.55
102168  30  1052 180.21
102168  31  1046 179.63
102168  32  1050 178.53
102168  33  1046 179.83
102168  34  1046 179.72
102168  35  1048 180.39
102168  36  1048 180.68
102168  37  1050 180.65
102168  38  1044 179.96
102168  39  1051 178.98
102306   0  1166 179.79
102306   1  1160 179.51
102306   2  1163 180.28
102306   3  1163 180.48
102306   4  1167 180.17
102306   5  1168 178.75
102306   6  1168 180.53
102306   7  1164 178.94
102306   8  1171 180.07
102306   9  1166 182.11
102306  10  1165 180.26
102306  11  1171 180.56
102306  12  1166 178.91
102306  13  1164 180.09
102306  14  1165 180.82
102306  15  1166 180.00
102306  16  1164 179.81
102306  17  1165 179.98
102306  18  1167 179.55
102306  19  1169 180.14
102306  20  1167 179.19
102306  21  1163 179.50
102306  22  1165 179.94
102306  23  1169 179.70
102306  24  1161 180.68
102306  25  1167 179.83
102306  26  1167 179.97
102306  27  1164 179.72
102306  28  1166 180.23
102306  29  1164 180.38
102306  30  1167 179.75
102306  31  1163 181.02
102306  32  1167 180.11
102306  33  1163 179.77
102306  34  1166 180.77
102306  35  1166 179.59
102306  36  1168 179.49
102306  37  1163 181.49
102306  38  1165 182.05
102306  39  1168 179.29
102310   0  1609 182.04
102310   1  1610 182.35
102310   2  1611 182.18
102310   3  1610 180.81
102310   4  1610 181.70
102310   5  1611 182.33
102310   6  1611 181.65
102310   7  1611 180.93
102310   8  1609 181.92
102310   9  1610 181.42
102310  10  1609 181.67
102310  11  1606 181.45
102310  12  1611 181.16
102310  13  1611 182.90
102310  14  1612 182.61
102310  15  1612 181.84
102310  16  1617 181.40
102310  17  1612 179.14
102310  18  1610 181.39
102310  19  1615 181.85
102310  20  1611 182.21
102310  21  1610 181.53
102310  22  1610 181.37
102310  23  1613 181.60
102310  24  1614 181.79
102310  25  1616 180.50
102310  26  1614 182.09
102310  27  1615 181.54
102310  28  1612 180.67
102310  29  1609 181.91
102310  30  1610 182.80
102310  31  1613 181.41
102310  32  1610 182.15
102310  33  1609 182.61
102310  34  1611 183.15
102310  35  1613 181.53
102310  36  1606 181.93
102310  37  1611 181.59
102310  38  1610 182.19
102310  39  1612 181.82
102313   0  1988 177.60
102313   1  1985 179.07
102313   2  1987 178.43
102313   3  1989 179.93
102313   4  1989 177.92
102313   5  1990 178.09
102313   6  1992 178.05
102313   7  1991 180.02
102313   8  1986 179.77
102313   9  1988 177.70
102313  10  1992 178.47
102313  11  1989 178.15
102313  12  1990 178.61
102313  13  1992 178.77
102313  14  1990 178.26
102313  15  1988 178.92
102313  16  1991 177.98
102313  17  1992 178.40
102313  18  1991 178.72
102313  19  1989 179.09
102313  20  1986 178.45
102313  21  1987 177.37
102313  22  1991 178.61
102313  23  1992 178.20
102313  24  1988 179.08
102313  25  1992 179.58
102313  26  1990 178.12
102313  27  1990 179.95
102313  28  1990 178.75
102313  29  1989 177.51
102313  30  1991 178.37
102313  31  1991 177.63
102313  32  1993 179.07
102313  33  1989 178.43
102313  34  1988 178.93
102313  35  1990 178.52
102313  36  1992 179.41
102313  37  1995 179.63
102313  38  1994 178.08
102313  39  1989 177.81
102315   0   574 180.46
102315   1   577 180.03
102315   2   576 180.86
102315   3   572 181.00
102315   4   574 179.40
102315   5   573 181.06
102315   6   573 179.44
102315   7   573 180.24
102315   8   573 180.75
102315   9   574 180.58
102315  10   577 179.58
102315  11   582 180.84
102315  12   572 180.75
102315  13   569 180.33
102315  14   571 179.94
102315  15   571 179.90
102315  16   575 180.75
102315  17   578 179.51
102315  18   575 180.71
102315  19   576 181.09
102315  20   574 180.53
102315  21   574 179.22
102315  22   571 178.99
102315  23   574 178.62
102315  24   571 180.69
102315  25   574 180.47
102315  26   574 180.21
102315  27   576 180.20
102315  28   576 179.18
102315  29   572 180.16
102315  30   575 179.95
102315  31   575 180.26
102315  32   577 180.61
102315  33   569 180.61
102315  34   577 180.29
102315  35   574 181.85
102315  36   573 179.99
102315  37   574 179.83
102315  38   574 179.57
102315  39   575 180.25
101374   0   894 179.39
101374   1   901 179.41
101374   2   897 179.14
101374   3   896 179.53
101374   4   898 178.57
101374   5   896 180.29
101374   6   905 178.51
101374   7   899 178.18
101374   8   894 178.20
101374   9   900 178.80
101374  10   896 179.53
101374  11   898 180.21
101374  12   899 179.43
101374  13   899 180.11
101374  14   898 179.59
101374  15   896 179.64
101374  16   899 179.69
101374  17   898 181.59
101374  18   896 177.94
101374  19   897 179.44
101374  20   897 180.71
101374  21   898 180.42
101374  22   899 179.96
101374  23   897 178.90
101374  24   901 178.35
101374  25   893 179.20
101374  26   896 179.83
101374  27   899 179.13
101374  28   899 179.68
101374  29   900 180.50
101374  30   900 178.76
101374  31   901 179.26
101374  32   899 179.63
101374  33   901 179.52
101374  34   901 178.36
101374  35   899 178.75
101374  36   900 178.49
101374  37   896 180.35
101374  38   900 178.67
101374  39   901 180.22
101381   0  1161 179.54
101381   1  1158 178.44
101381   2  1164 180.20
101381   3  1165 180.47
101381   4  1165 180.57
101381   5  1163 181.07
101381   6  1166 179.90
101381   7  1161 179.82
101381   8  1164 179.58
101381   9  1164 181.05
101381  10  1160 179.18
101381  11  1164 178.26
101381  12  1163 177.65
101381  13  1165 179.29
101381  14  1163 179.34
101381  15  1166 179.73
101381  16  1166 180.79
101381  17  1166 179.40
101381  18  1166 180.42
101381  19  1167 179.90
101381  20  1163 180.07
101381  21  1173 180.80
101381  22  1168 180.24
101381  23  1165 179.93
101381  24  1164 179.59
101381  25  1160 179.77
101381  26  1165 179.60
101381  27  1168 179.86
101381  28  1161 180.95
101381  29  1163 179.72
101381  30  1166 180.30
101381  31  1164 179.05
101381  32  1166 180.66
101381  33  1164 178.02
101381  34  1162 178.79
101381  35  1167 179.77
101381  36  1159 178.29
101381  37  1163 180.34
101381  38  1164 179.00
101381  39  1171 178.95
101386   0  1228 180.38
101386   1  1222 180.17
101386   2  1230 179.63
101386   3  1228 180.31
101386   4  1230 179.76
101386   5  1234 181.26
101386   6  1231 180.09
101386   7  1227 180.11
101386   8  1230 181.36
101386   9  1230 181.80
101386  10  1230 180.73
101386  11  1231 179.87
101386  12  1229 180.38
101386  13  1231 180.56
101386  14  1233 180.34
101386  15  1228 181.17
101386  16  1232 180.36
101386  17  1233 180.87
101386  18  1232 180.52
101386  19  1232 180.03
101386  20  1230 180.87
101386  21  1228 179.99
101386  22  1230 181.12
101386  23  1231 181.78
101386  24  1232 180.76
101386  25  1231 181.21
101386  26  1228 180.16
101386  27  1228 180.84
101386  28  1232 180.90
101386  29  1230 182.10
101386  30  1233 180.33
101386  31  1232 180.45
101386  32  1232 180.32
101386  33  1232 179.98
101386  34  1233 181.18
101386  35  1229 181.04
101386  36  1231 180.28
101386  37  1231 180.96
101386  38  1229 180.96
101386  39  1229 180.75
101391   0  1468 181.95
101391   1  1463 182.11
101391   2  1462 180.79
101391   3  1465 180.48
101391   4  1468 182.53
101391   5  1462 181.33
101391   6  1465 181.17
101391   7  1462 181.66
101391   8  1463 181.77
101391   9  1464 180.84
101391  10  1461 182.33
101391  11  1463 180.29
101391  12  1460 181.19
101391  13  1461 181.82
101391  14  1460 181.07
101391  15  1459 181.12
101391  16  1454 181.10
101391  17  1456 181.82
101391  18  1455 181.32
101391  19  1452 181.18
101391  20  1453 181.70
101391  21  1451 180.95
101391  22  1448 179.99
101391  23  1442 181.38
101391  24  1443 180.83
101391  25  1443 180.81
101391  26  1441 180.95
101391  27  1442 180.34
101391  28  1443 179.97
101391  29  1441 182.21
101391  30  1440 180.57
101391  31  1434 182.82
101391  32  1439 180.54
101391  33  1435 182.95
101391  34  1438 180.58
101391  35  1435 181.73
101391  36  1432 181.23
101391  37  1436 180.49
101391  38  1437 182.94
101391  39  1432 181.66
101404   0  1273 179.97
101404   1  1269 181.45
101404   2  1268 180.65
101404   3  1269 180.86
101404   4  1274 180.59
101404   5  1271 181.94
101404   6  1270 180.47
101404   7  1273 179.53
101404   8  1268 182.33
101404   9  1269 181.16
101404  10  1272 182.41
101404  11  1274 180.31
101404  12  1274 180.52
101404  13  1270 180.75
101404  14  1274 180.02
101404  15  1273 180.81
101404  16  1273 181.64
101404  17  1272 180.44
101404  18  1272 181.12
101404  19  1270 181.64
101404  20  1270 179.52
101404  21  1272 180.40
101404  22  1273 181.50
101404  23  1270 181.19
101404  24  1273 180.86
101404  25  1274 181.08
101404  26  1272 181.82
101404  27  1273 180.19
101404  28  1272 181.39
101404  29  1273 181.54
101404  30  1274 180.71
101404  31  1271 179.82
101404  32  1273 182.00
101404  33  1278 180.87
101404  34  1273 180.68
101404  35  1270 181.90
101404  36  1271 180.56
101404  37  1268 180.78
101404  38  1268 181.39
101404  39  1272 180.77
101410   0  2228 182.04
101410   1  2232 182.02
101410   2  2230 182.02
101410   3  2229 181.59
101410   4  2226 180.33
101410   5  2226 180.64
101410   6  2229 181.85
101410   7  2229 182.10
101410   8  2225 181.67
101410   9  2219 181.46
101410  10  2223 181.37
101410  11  2228 182.31
101410  12  2237 182.65
101410  13  2230 182.12
101410  14  2248 183.23
101410  15  2247 183.79
101410  16  2252 180.67
101410  17  2249 181.07
101410  18  2249 182.23
101410  19  2245 182.18
101410  20  2246 179.99
101410  21  2246 180.31
101410  22  2247 182.02
101410  23  2244 181.17
101410  24  2246 180.92
101410  25  2249 180.49
101410  26  2245 182.21
101410  27  2246 182.76
101410  28  2245 181.14
101410  29  2242 180.81
101410  30  2246 181.28
101410  31  2244 181.63
101410  32  2247 180.44
101410  33  2243 181.45
101410  34  2244 181.95
101410  35  2245 179.86
101410  36  2243 180.06
101410  37  2245 181.72
101410  38  2249 182.01
101410  39  2245 180.55
101500   0  1088 179.25
101500   1  1086 178.81
101500   2  1090 179.33
101500   3  1087 180.26
101500   4  1088 178.72
101500   5  1089 178.99
101500   6  1089 178.27
101500   7  1085 178.46
101500   8  1089 180.53
101500   9  1094 179.41
101500  10  1089 178.89
101500  11  1089 181.25
101500  12  1088 177.92
101500  13  1091 179.61
101500  14  1089 178.68
101500  15  1091 178.68
101500  16  1090 179.00
101500  17  1091 179.91
101500  18  1089 178.66
101500  19  1086 179.84
101500  20  1091 180.08
101500  21  1088 179.44
101500  22  1087 179.22
101500  23  1086 179.79
101500  24  1085 179.59
101500  25  1091 179.96
101500  26  1091 178.84
101500  27  1085 178.53
101500  28  1090 179.85
101500  29  1091 179.67
101500  30  1091 179.27
101500  31  1090 179.27
101500  32  1091 178.01
101500  33  1090 179.29
101500  34  1088 178.13
101500  35  1092 177.68
101500  36  1091 178.74
101500  37  1091 178.39
101500  38  1089 178.97
101500  39  1086 177.54
101498   0  1069 179.31
101498   1  1072 179.91
101498   2  1070 179.42
101498   3  1071 178.49
101498   4  1072 178.14
101498   5  1071 179.64
101498   6  1070 179.55
101498   7  1071 179.22
101498   8  1068 178.75
101498   9  1069 179.38
101498  10  1066 179.39
101498  11  1068 179.87
101498  12  1069 178.93
101498  13  1073 179.16
101498  14  1070 179.79
101498  15  1067 180.44
101498  16  1065 178.37
101498  17  1067 180.76
101498  18  1068 178.64
101498  19  1070 178.74
101498  20  1071 179.37
101498  21  1071 178.98
101498  22  1071 178.39
101498  23  1070 179.81
101498  24  1068 179.75
101498  25  1068 179.59
101498  26  1067 178.04
101498  27  1070 179.38
101498  28  1067 178.56
101498  29  1069 178.99
101498  30  1066 178.22
101498  31  1067 179.86
101498  32  1070 178.57
101498  33  1065 178.51
101498  34  1073 179.44
101498  35  1065 179.19
101498  36  1070 179.08
101498  37  1073 178.52
101498  38  1068 178.75
101498  39  1068 178.63
101414   0  1280 180.33
101414   1  1276 180.22
101414   2  1281 180.58
101414   3  1284 179.93
101414   4  1277 180.64
101414   5  1280 181.44
101414   6  1280 180.18
101414   7  1279 181.14
101414   8  1280 179.62
101414   9  1274 180.92
101414  10  1277 179.65
101414  11  1280 180.87
101414  12  1279 179.98
101414  13  1282 179.92
101414  14  1281 180.82
101414  15  1273 180.12
101414  16  1281 180.46
101414  17  1279 180.87
101414  18  1280 180.84
101414  19  1282 179.48
101414  20  1283 180.71
101414  21  1281 179.60
101414  22  1278 179.79
101414  23  1276 181.43
101414  24  1277 179.93
101414  25  1281 180.10
101414  26  1282 179.72
101414  27  1276 180.18
101414  28  1282 181.49
101414  29  1281 180.06
101414  30  1280 179.63
101414  31  1282 180.70
101414  32  1284 179.93
101414  33  1277 180.63
101414  34  1281 181.17
101414  35  1278 180.66
101414  36  1281 180.47
101414  37  1280 180.92
101414  38  1283 180.32
101414  39  1283 178.46
101502   0   785 181.28
101502   1   782 179.23
101502   2   779 180.18
101502   3   783 179.84
101502   4   785 181.72
101502   5   788 179.98
101502   6   785 180.28
101502   7   780 181.18
101502   8   780 180.37
101502   9   779 180.23
101502  10   777 180.55
101502  11   782 178.74
101502  12   784 180.39
101502  13   778 179.65
101502  14   780 180.30
101502  15   783 180.05
101502  16   778 181.16
101502  17   782 180.84
101502  18   780 179.92
101502  19   782 179.70
101502  20   778 181.25
101502  21   784 180.29
101502  22   779 180.28
101502  23   782 180.01
101502  24   783 179.94
101502  25   778 177.63
101502  26   776 179.60
101502  27   779 181.09
101502  28   782 179.83
101502  29   785 179.60
101502  30   781 179.99
101502  31   780 180.80
101502  32   784 180.74
101502  33   781 180.97
101502  34   779 179.22
101502  35   784 180.24
101502  36   782 179.91
101502  37   788 178.17
101502  38   782 179.86
101502  39   780 179.53
101505   0  2726 182.81
101505   1  2722 182.07
101505   2  2729 182.76
101505   3  2729 181.48
101505   4  2733 182.28
101505   5  2731 180.77
101505   6  2732 181.89
101505   7  2735 182.79
101505   8  2731 182.00
101505   9  2727 181.32
101505  10  2730 182.79
101505  11  2732 181.35
101505  12  2730 181.71
101505  13  2731 180.54
101505  14  2731 181.12
101505  15  2732 181.40
101505  16  2735 182.06
101505  17  2729 181.61
101505  18  2728 181.81
101505  19  2729 182.80
101505  20  2733 181.48
101505  21  2730 182.15
101505  22  2726 181.36
101505  23  2733 183.10
101505  24  2728 181.92
101505  25  2728 181.73
101505  26  2731 181.15
101505  27  2732 182.15
101505  28  2733 181.90
101505  29  2732 181.47
101505  30  2732 180.89
101505  31  2733 181.68
101505  32  2732 182.72
101505  33  2736 183.38
101505  34  2729 180.44
101505  35  2733 181.29
101505  36  2732 182.10
101505  37  2733 183.02
101505  38  2731 183.26
101505  39  2733 180.62
101509   0  1150 180.08
101509   1  1147 177.74
101509   2  1152 179.97
101509   3  1152 180.28
101509   4  1149 180.22
101509   5  1151 179.97
101509   6  1154 179.62
101509   7  1152 180.09
101509   8  1150 179.59
101509   9  1152 178.57
101509  10  1154 180.87
101509  11  1153 180.30
101509  12  1151 179.84
101509  13  1151 179.18
101509  14  1152 180.05
101509  15  1148 181.22
101509  16  1152 179.03
101509  17  1154 180.65
101509  18  1149 179.20
101509  19  1148 179.90
101509  20  1151 179.32
101509  21  1155 180.01
101509  22  1152 177.89
101509  23  1152 180.26
101509  24  1147 179.35
101509  25  1148 179.20
101509  26  1151 179.23
101509  27  1150 179.62
101509  28  1148 178.64
101509  29  1149 179.56
101509  30  1145 180.27
101509  31  1149 179.45
101509  32  1149 180.39
101509  33  1149 180.65
101509  34  1150 179.32
101509  35  1146 179.84
101509  36  1145 180.47
101509  37  1153 181.06
101509  38  1145 179.14
101509  39  1151 179.72
101512   0   884 178.82
101512   1   881 179.45
101512   2   878 178.71
101512   3   877 177.49
101512   4   882 178.90
101512   5   885 178.72
101512   6   883 178.69
101512   7   881 179.33
101512   8   879 178.52
101512   9   880 180.14
101512  10   881 179.49
101512  11   879 179.42
101512  12   882 178.61
101512  13   883 178.39
101512  14   880 179.05
101512  15   881 178.18
101512  16   880 180.03
101512  17   884 178.70
101512  18   884 178.74
101512  19   886 178.47
101512  20   879 178.51
101512  21   883 178.09
101512  22   881 179.57
101512  23   881 179.18
101512  24   883 179.30
101512  25   881 179.27
101512  26   883 178.04
101512  27   884 180.43
101512  28   882 179.73
101512  29   879 178.11
101512  30   877 178.36
101512  31   881 179.46
101512  32   874 178.98
101512  33   878 177.59
101512  34   877 179.34
101512  35   882 179.19
101512  36   880 178.95
101512  37   878 177.73
101512  38   879 178.43
101512  39   879 179.26
101515   0  1554 182.38
101515   1  1556 181.01
101515   2  1558 181.78
101515   3  1558 181.30
101515   4  1552 179.94
101515   5  1559 181.00
101515   6  1560 180.94
101515   7  1554 182.41
101515   8  1548 182.09
101515   9  1553 179.82
101515  10  1555 180.84
101515  11  1557 180.72
101515  12  1558 181.53
101515  13  1555 180.39
101515  14  1558 180.80
101515  15  1557 181.27
101515  16  1559 182.20
101515  17  1553 180.24
101515  18  1562 181.91
101515  19  1558 182.55
101515  20  1559 181.58
101515  21  1556 181.47
101515  22  1556 181.38
101515  23  1552 180.59
101515  24  1556 179.96
101515  25  1555 182.16
101515  26  1559 180.61
101515  27  1562 180.67
101515  28  1559 181.05
101515  29  1558 182.10
101515  30  1559 181.24
101515  31  1557 181.13
101515  32  1558 179.51
101515  33  1560 180.11
101515  34  1558 179.94
101515  35  1556 181.25
101515  36  1559 181.70
101515  37  1559 181.16
101515  38  1560 181.32
101515  39  1558 180.99
101530   0   666 180.36
101530   1   672 179.65
101530   2   672 179.68
101530   3   674 179.22
101530   4   672 179.87
101530   5   675 179.45
101530   6   669 181.39
101530   7   658 181.36
101530   8   631 181.30
101530   9   573 180.09
101530  10   604 181.01
101530  11   619 179.84
101530  12   622 180.58
101530  13   624 181.83
101530  14   630 179.93
101530  15   633 178.80
101530  16   627 180.74
101530  17   628 180.93
101530  18   631 180.31
101530  19   630 179.83
101530  20   633 180.16
101530  21   636 181.01
101530  22   636 180.63
101530  23   639 179.07
101530  24   647 179.96
101530  25   668 180.47
101530  26   670 179.78
101530  27   673 181.71
101530  28   671 180.55
101530  29   666 179.19
101530  30   671 179.61
101530  31   674 180.63
101530  32   678 180.66
101530  33   675 179.50
101530  34   678 180.78
101530  35   674 179.21
101530  36   670 180.95
101530  37   676 179.60
101530  38   666 181.42
101530  39   685 178.93
101533   0   789 178.61
101533   1   790 178.42
101533   2   788 177.61
101533   3   789 180.23
101533   4   791 178.54
101533   5   788 177.56
101533   6   788 178.64
101533   7   787 178.60
101533   8   787 178.44
101533   9   782 179.11
101533  10   783 178.09
101533  11   786 178.38
101533  12   786 178.73
101533  13   784 178.76
101533  14   782 179.86
101533  15   783 179.15
101533  16   781 178.98
101533  17   780 179.88
101533  18   775 179.02
101533  19   775 180.46
101533  20   779 179.28
101533  21   776 178.61
101533  22   781 178.38
101533  23   778 179.00
101533  24   776 177.89
101533  25   778 179.30
101533  26   778 179.70
101533  27   782 179.30
101533  28   778 177.96
101533  29   776 178.74
101533  30   777 178.51
101533  31   783 178.70
101533  32   784 178.23
101533  33   782 178.28
101533  34   782 178.87
101533  35   784 178.63
101533  36   782 178.32
101533  37   783 180.38
101533  38   783 178.46
101533  39   785 178.89
101528   0  1364 179.76
101528   1  1362 181.63
101528   2  1360 181.15
101528   3  1359 179.83
101528   4  1358 181.60
101528   5  1360 180.88
101528   6  1356 179.58
101528   7  1361 181.02
101528   8  1360 180.76
101528   9  1360 181.77
101528  10  1360 179.93
101528  11  1364 181.16
101528  12  1361 180.85
101528  13  1361 180.65
101528  14  1355 179.96
101528  15  1358 181.45
101528  16  1358 180.68
101528  17  1360 181.26
101528  18  1363 180.63
101528  19  1356 179.88
101528  20  1362 180.68
101528  21  1361 181.41
101528  22  1365 182.23
101528  23  1366 180.19
101528  24  1360 179.48
101528  25  1361 182.35
101528  26  1364 181.97
101528  27  1361 182.03
101528  28  1362 180.25
101528  29  1361 181.44
101528  30  1359 181.67
101528  31  1365 180.43
101528  32  1358 181.68
101528  33  1365 181.64
101528  34  1366 180.07
101528  35  1365 181.69
101528  36  1367 181.27
101528  37  1371 180.79
101528  38  1369 181.29
101528  39  1366 180.98
101537   0   829 178.61
101537   1   830 180.28
101537   2   827 179.99
101537   3   827 179.02
101537   4   828 179.89
101537   5   826 179.37
101537   6   830 179.70
101537   7   830 179.69
101537   8   827 178.97
101537   9   830 178.71
101537  10   829 179.18
101537  11   826 178.63
101537  12   828 179.21
101537  13   831 180.08
101537  14   829 179.29
101537  15   831 178.20
101537  16   828 179.61
101537  17   827 179.71
101537  18   828 180.49
101537  19   831 179.43
101537  20   829 179.42
101537  21   829 179.40
101537  22   825 178.48
101537  23   826 178.86
101537  24   831 180.72
101537  25   830 179.24
101537  26   828 179.26
101537  27   829 179.42
101537  28   828 179.07
101537  29   828 177.98
101537  30   827 177.47
101537  31   827 179.99
101537  32   830 179.34
101537  33   827 179.23
101537  34   829 179.75
101537  35   830 180.83
101537  36   826 181.09
101537  37   829 178.95
101537  38   832 178.43
101537  39   821 178.82
101543   0  1297 180.48
101543   1  1295 182.60
101543   2  1299 181.42
101543   3  1292 180.84
101543   4  1297 179.52
101543   5  1298 180.90
101543   6  1296 182.68
101543   7  1295 180.36
101543   8  1297 180.44
101543   9  1300 180.60
101543  10  1296 180.86
101543  11  1300 179.78
101543  12  1294 180.41
101543  13  1298 180.34
101543  14  1298 180.42
101543  15  1296 181.14
101543  16  1296 179.53
101543  17  1297 180.95
101543  18  1301 180.27
101543  19  1297 181.38
101543  20  1302 178.88
101543  21  1294 180.38
101543  22  1297 180.10
101543  23  1298 181.04
101543  24  1298 181.02
101543  25  1298 180.12
101543  26  1297 179.86
101543  27  1295 179.83
101543  28  1300 180.01
101543  29  1298 179.12
101543  30  1300 180.26
101543  31  1297 180.60
101543  32  1300 180.25
101543  33  1299 181.65
101543  34  1298 181.62
101543  35  1297 181.45
101543  36  1297 181.05
101543  37  1298 181.43
101543  38  1300 180.66
101543  39  1303 179.98
101548   0   568 181.48
101548   1   568 179.74
101548   2   557 179.39
101548   3   564 180.84
101548   4   567 181.18
101548   5   562 179.69
101548   6   566 180.12
101548   7   565 180.48
101548   8   568 179.44
101548   9   565 180.38
101548  10   568 180.15
101548  11   563 180.33
101548  12   565 180.47
101548  13   568 180.72
101548  14   563 180.51
101548  15   565 180.44
101548  16   569 180.09
101548  17   559 181.79
101548  18   569 180.75
101548  19   566 181.10
101548  20   567 180.45
101548  21   563 179.25
101548  22   565 180.95
101548  23   565 179.72
101548  24   565 180.49
101548  25   565 180.14
101548  26   569 180.00
101548  27   566 180.41
101548  28   566 179.69
101548  29   564 180.19
101548  30   568 179.82
101548  31   564 179.17
101548  32   567 181.51
101548  33   563 180.99
101548  34   562 181.31
101548  35   561 179.29
101548  36   566 179.98
101548  37   567 180.90
101548  38   564 179.66
101548  39   565 180.17
101553   0  1896 179.07
101553   1  1887 179.58
101553   2  1898 178.13
101553   3  1889 179.22
101553   4  1898 178.67
101553   5  1892 179.66
101553   6  1894 180.99
101553   7  1892 179.66
101553   8  1894 180.43
101553   9  1894 179.94
101553  10  1896 179.52
101553  11  1894 179.06
101553  12  1892 179.55
101553  13  1891 179.50
101553  14  1893 178.69
101553  15  1894 179.21
101553  16  1896 179.75
101553  17  1896 178.84
101553  18  1900 179.18
101553  19  1896 180.49
101553  20  1896 179.57
101553  21  1894 178.19
101553  22  1895 179.77
101553  23  1893 179.66
101553  24  1895 179.89
101553  25  1896 179.02
101553  26  1893 180.58
101553  27  1894 179.89
101553  28  1896 178.17
101553  29  1896 178.74
101553  30  1895 179.75
101553  31  1894 180.18
101553  32  1897 179.69
101553  33  1895 180.05
101553  34  1895 180.28
101553  35  1895 179.13
101553  36  1900 179.69
101553  37  1894 178.91
101553  38  1894 178.99
101553  39  1897 180.64
101558   0   696 179.60
101558   1   703 179.80
101558   2   699 181.45
101558   3   684 179.99
101558   4   683 180.88
101558   5   685 179.55
101558   6   686 180.11
101558   7   683 179.72
101558   8   681 179.51
101558   9   688 178.46
101558  10   682 178.19
101558  11   684 179.83
101558  12   683 179.34
101558  13   689 179.62
101558  14   683 180.95
101558  15   690 180.00
101558  16   688 179.47
101558  17   686 180.21
101558  18   688 180.51
101558  19   685 180.52
101558  20   690 178.61
101558  21   687 179.07
101558  22   686 179.94
101558  23   689 178.10
101558  24   684 180.00
101558  25   690 180.06
101558  26   687 180.37
101558  27   686 179.38
101558  28   684 179.28
101558  29   684 179.32
101558  30   688 180.13
101558  31   690 178.76
101558  32   688 180.36
101558  33   688 180.16
101558  34   686 179.67
101558  35   690 180.11
101558  36   686 179.17
101558  37   686 180.24
101558  38   689 180.50
101558  39   685 178.48
101560   0  1057 179.79
101560   1  1063 179.18
101560   2  1056 178.62
101560   3  1054 180.51
101560   4  1057 177.70
101560   5  1057 178.90
101560   6  1057 180.33
101560   7  1056 180.15
101560   8  1061 179.36
101560   9  1057 178.62
101560  10  1058 178.77
101560  11  1061 178.94
101560  12  1058 180.00
101560  13  1054 179.80
101560  14  1058 180.02
101560  15  1058 177.62
101560  16  1061 180.39
101560  17  1057 178.70
101560  18  1062 179.51
101560  19  1055 179.83
101560  20  1059 178.74
101560  21  1055 180.29
101560  22  1060 178.27
101560  23  1057 178.85
101560  24  1057 179.76
101560  25  1058 180.51
101560  26  1056 179.15
101560  27  1057 178.59
101560  28  1056 179.65
101560  29  1054 179.41
101560  30  1055 179.47
101560  31  1055 180.66
101560  32  1057 179.79
101560  33  1058 180.44
101560  34  1054 178.47
101560  35  1058 179.02
101560  36  1056 178.76
101560  37  1057 179.83
101560  38  1059 179.32
101560  39  1055 179.23
101564   0   865 179.40
101564   1   866 179.26
101564   2   865 178.40
101564   3   864 180.36
101564   4   865 179.79
101564   5   865 178.28
101564   6   865 178.64
101564   7   868 179.45
101564   8   864 179.47
101564   9   867 179.29
101564  10   866 178.78
101564  11   864 179.27
101564  12   867 178.70
101564  13   865 179.57
101564  14   866 178.75
101564  15   868 179.17
101564  16   866 180.80
101564  17   864 179.16
101564  18   862 179.09
101564  19   866 179.75
101564  20   862 179.56
101564  21   874 179.31
101564  22   865 178.68
101564  23   868 177.79
101564  24   866 178.94
101564  25   870 180.23
101564  26   867 179.80
101564  27   869 178.40
101564  28   869 179.22
101564  29   866 178.96
101564  30   871 179.16
101564  31   867 179.56
101564  32   869 178.82
101564  33   863 179.05
101564  34   870 179.70
101564  35   866 178.07
101564  36   868 179.74
101564  37   865 179.35
101564  38   866 178.72
101564  39   867 178.12
101567   0   647 179.40
101567   1   655 179.78
101567   2   651 179.10
101567   3   648 179.95
101567   4   653 180.39
101567   5   650 179.80
101567   6   651 178.89
101567   7   651 179.55
101567   8   650 179.72
101567   9   651 180.66
101567  10   653 180.74
101567  11   650 180.46
101567  12   650 179.45
101567  13   650 180.25
101567  14   647 179.23
101567  15   649 180.97
101567  16   652 180.48
101567  17   648 179.62
101567  18   648 177.99
101567  19   654 180.98
101567  20   654 179.91
101567  21   650 178.73
101567  22   651 180.74
101567  23   650 178.96
101567  24   644 179.51
101567  25   649 179.74
101567  26   648 180.30
101567  27   646 180.91
101567  28   648 178.49
101567  29   646 180.29
101567  30   654 180.48
101567  31   649 179.88
101567  32   647 178.84
101567  33   650 179.15
101567  34   649 180.35
101567  35   652 180.03
101567  36   651 181.18
101567  37   649 179.41
101567  38   651 179.40
101567  39   645 180.18
101570   0  1060 180.04
101570   1  1060 180.31
101570   2  1059 180.07
101570   3  1059 178.58
101570   4  1060 180.36
101570   5  1062 179.32
101570   6  1061 180.04
101570   7  1059 180.03
101570   8  1060 180.74
101570   9  1067 179.86
101570  10  1061 179.33
101570  11  1060 177.31
101570  12  1062 180.34
101570  13  1063 179.22
101570  14  1062 178.75
101570  15  1059 180.10
101570  16  1064 178.14
101570  17  1063 179.50
101570  18  1066 180.02
101570  19  1066 179.86
101570  20  1060 180.18
101570  21  1063 179.86
101570  22  1059 179.81
101570  23  1059 178.35
101570  24  1062 179.10
101570  25  1058 179.74
101570  26  1065 179.18
101570  27  1064 180.63
101570  28  1060 180.34
101570  29  1061 179.22
101570  30  1064 178.94
101570  31  1061 178.89
101570  32  1056 179.23
101570  33  1060 180.36
101570  34  1058 179.80
101570  35  1064 180.77
101570  36  1062 180.31
101570  37  1062 180.28
101570  38  1059 179.15
101570  39  1067 180.04
101579   0  2022 178.20
101579   1  2024 179.48
101579   2  2022 178.31
101579   3  2024 178.21
101579   4  2023 179.61
101579   5  2024 179.03
101579   6  2025 179.18
101579   7  2024 178.64
101579   8  2025 181.70
101579   9  2027 180.02
101579  10  2020 177.86
101579  11  2026 178.24
101579  12  2025 178.40
101579  13  2022 178.80
101579  14  2022 178.92
101579  15  2028 178.73
101579  16  2021 179.81
101579  17  2026 179.07
101579  18  2026 178.47
101579  19  2026 179.80
101579  20  2031 179.19
101579  21  2028 179.73
101579  22  2030 178.14
101579  23  2032 179.01
101579  24  2029 179.00
101579  25  2021 178.85
101579  26  2034 178.44
101579  27  2035 178.82
101579  28  2034 179.66
101579  29  2033 179.48
101579  30  2029 178.51
101579  31  2035 178.57
101579  32  2034 179.66
101579  33  2030 178.70
101579  34  2028 179.90
101579  35  2025 179.57
101579  36  2025 178.89
101579  37  2026 179.17
101579  38  2029 180.09
101579  39  2020 178.77
102157   0  2324 180.89
102157   1  2316 181.11
102157   2  2320 181.24
102157   3  2322 182.45
102157   4  2320 180.64
102157   5  2313 181.40
102157   6  2316 181.74
102157   7  2314 182.06
102157   8  2318 180.12
102157   9  2320 181.40
102157  10  2317 180.27
102157  11  2320 181.21
102157  12  2321 181.88
102157  13  2323 181.96
102157  14  2321 181.19
102157  15  2321 179.96
102157  16  2314 181.39
102157  17  2320 181.01
102157  18  2324 181.11
102157  19  2318 180.73
102157  20  2315 180.65
102157  21  2322 181.32
102157  22  2313 180.60
102157  23  2316 182.17
102157  24  2315 181.56
102157  25  2316 180.96
102157  26  2323 180.59
102157  27  2326 182.84
102157  28  2323 180.78
102157  29  2319 179.36
102157  30  2314 180.52
102157  31  2307 180.88
102157  32  2308 181.09
102157  33  2317 181.53
102157  34  2320 180.95
102157  35  2312 181.67
102157  36  2312 181.27
102157  37  2317 181.62
102157  38  2311 181.84
102157  39  2307 181.60
101705   0   865 179.41
101705   1   867 179.51
101705   2   864 178.66
101705   3   865 179.33
101705   4   863 178.16
101705   5   865 178.81
101705   6   865 180.69
101705   7   862 179.15
101705   8   866 179.60
101705   9   863 180.04
101705  10   859 179.43
101705  11   859 179.68
101705  12   867 177.94
101705  13   863 179.21
101705  14   864 179.45
101705  15   864 178.91
101705  16   865 178.32
101705  17   862 179.05
101705  18   861 179.13
101705  19   864 178.60
101705  20   862 180.12
101705  21   860 179.95
101705  22   863 179.01
101705  23   864 178.22
101705  24   865 178.59
101705  25   861 177.69
101705  26   867 179.16
101705  27   865 178.33
101705  28   865 178.73
101705  29   865 179.52
101705  30   864 180.05
101705  31   864 176.97
101705  32   865 179.55
101705  33   864 178.53
101705  34   862 178.23
101705  35   861 179.12
101705  36   866 178.17
101705  37   864 178.60
101705  38   865 178.65
101705  39   862 178.89
101717   0  1511 180.23
101717   1  1517 181.00
101717   2  1529 181.10
101717   3  1541 181.76
101717   4  1525 180.90
101717   5  1511 180.22
101717   6  1505 181.08
101717   7  1500 181.48
101717   8  1490 181.17
101717   9  1488 180.60
101717  10  1485 181.68
101717  11  1491 180.57
101717  12  1482 181.21
101717  13  1474 181.16
101717  14  1475 180.05
101717  15  1488 181.53
101717  16  1487 181.07
101717  17  1479 180.67
101717  18  1471 180.33
101717  19  1469 181.39
101717  20  1471 179.30
101717  21  1501 180.08
101717  22  1513 179.98
101717  23  1517 181.16
101717  24  1519 180.69
101717  25  1528 181.48
101717  26  1525 180.16
101717  27  1516 182.28
101717  28  1511 181.67
101717  29  1504 181.34
101717  30  1495 180.87
101717  31  1494 180.43
101717  32  1472 180.41
101717  33  1489 180.29
101717  34  1520 180.22
101717  35  1533 180.56
101717  36  1525 180.18
101717  37  1530 180.69
101717  38  1539 181.67
101717  39  1532 180.81
101721   0   707 179.70
101721   1   708 179.39
101721   2   703 180.18
101721   3   706 178.16
101721   4   707 179.94
101721   5   706 179.30
101721   6   706 179.42
101721   7   701 178.42
101721   8   707 178.83
101721   9   703 180.65
101721  10   706 179.52
101721  11   710 180.07
101721  12   704 180.82
101721  13   706 179.12
101721  14   706 179.73
101721  15   709 180.42
101721  16   700 178.69
101721  17   705 180.11
101721  18   704 180.09
101721  19   705 178.41
101721  20   702 179.59
101721  21   707 179.54
101721  22   704 180.73
101721  23   704 178.88
101721  24   708 179.54
101721  25   705 178.66
101721  26   706 178.51
101721  27   704 179.47
101721  28   709 181.24
101721  29   706 179.56
101721  30   705 180.05
101721  31   703 180.23
101721  32   704 179.72
101721  33   710 181.22
101721  34   702 178.78
101721  35   705 179.73
101721  36   704 177.14
101721  37   707 179.92
101721  38   704 179.24
101721  39   708 179.12
101726   0  1113 178.93
101726   1  1109 178.67
101726   2  1114 179.87
101726   3  1111 179.21
101726   4  1111 179.81
101726   5  1116 180.17
101726   6  1111 180.18
101726   7  1114 179.94
101726   8  1113 179.31
101726   9  1116 181.71
101726  10  1114 179.14
101726  11  1107 179.79
101726  12  1112 178.57
101726  13  1111 179.34
101726  14  1108 180.31
101726  15  1114 180.00
101726  16  1114 180.30
101726  17  1111 180.56
101726  18  1114 179.73
101726  19  1112 180.08
101726  20  1110 179.24
101726  21  1112 180.24
101726  22  1113 179.13
101726  23  1112 180.77
101726  24  1111 180.34
101726  25  1112 180.65
101726  26  1113 179.91
101726  27  1112 179.57
101726  28  1111 179.84
101726  29  1110 179.99
101726  30  1111 179.35
101726  31  1112 179.71
101726  32  1112 178.88
101726  33  1113 181.12
101726  34  1117 180.42
101726  35  1115 179.93
101726  36  1112 179.86
101726  37  1114 179.97
101726  38  1109 179.41
101726  39  1111 180.10
101730   0  1163 179.35
101730   1  1155 178.69
101730   2  1162 179.47
101730   3  1159 179.57
101730   4  1159 177.51
101730   5  1158 179.55
101730   6  1154 178.62
101730   7  1160 179.13
101730   8  1161 178.52
101730   9  1158 179.14
101730  10  1166 179.80
101730  11  1161 179.22
101730  12  1158 181.24
101730  13  1161 178.13
101730  14  1162 180.45
101730  15  1159 177.97
101730  16  1160 179.59
101730  17  1158 180.07
101730  18  1162 178.97
101730  19  1162 179.61
101730  20  1161 180.27
101730  21  1158 178.69
101730  22  1159 178.15
101730  23  1159 178.76
101730  24  1162 179.19
101730  25  1159 179.06
101730  26  1163 179.53
101730  27  1159 179.16
101730  28  1160 179.73
101730  29  1160 178.31
101730  30  1161 179.71
101730  31  1163 179.82
101730  32  1164 179.29
101730  33  1160 179.62
101730  34  1163 180.03
101730  35  1161 179.30
101730  36  1160 178.24
101730  37  1161 178.63
101730  38  1162 180.55
101730  39  1161 178.43
101735   0   449 179.61
101735   1   452 179.05
101735   2   448 179.23
101735   3   447 179.96
101735   4   445 179.01
101735   5   443 179.64
101735   6   447 179.01
101735   7   450 180.10
101735   8   447 179.54
101735   9   450 178.53
101735  10   449 179.76
101735  11   447 179.50
101735  12   448 179.83
101735  13   448 179.41
101735  14   449 178.68
101735  15   451 179.14
101735  16   446 178.63
101735  17   449 179.22
101735  18   451 179.33
101735  19   450 179.46
101735  20   450 179.47
101735  21   450 179.80
101735  22   450 178.92
101735  23   451 180.01
101735  24   449 179.72
101735  25   449 180.49
101735  26   446 179.61
101735  27   449 178.29
101735  28   450 178.97
101735  29   447 179.07
101735  30   448 180.85
101735  31   449 178.14
101735  32   448 180.04
101735  33   447 179.32
101735  34   452 178.90
101735  35   449 179.23
101735  36   452 179.17
101735  37   452 179.34
101735  38   451 180.20
101735  39   453 179.83
101740   0   898 179.31
101740   1   892 178.31
101740   2   896 178.34
101740   3   895 177.68
101740   4   902 178.87
101740   5   894 180.09
101740   6   895 178.82
101740   7   896 178.66
101740   8   899 177.86
101740   9   900 177.43
101740  10   899 179.16
101740  11   897 179.10
101740  12   895 178.91
101740  13   895 178.57
101740  14   899 180.61
101740  15   898 178.68
101740  16   900 178.03
101740  17   902 178.53
101740  18   898 178.72
101740  19   898 178.04
101740  20   898 176.92
101740  21   899 178.37
101740  22   899 179.65
101740  23   903 178.97
101740  24   900 178.82
101740  25   899 177.55
101740  26   901 178.64
101740  27   901 181.24
101740  28   901 178.55
101740  29   898 178.80
101740  30   902 180.09
101740  31   898 179.07
101740  32   898 179.50
101740  33   902 178.90
101740  34   899 179.40
101740  35   897 179.63
101740  36   902 179.12
101740  37   904 179.56
101740  38   902 177.76
101740  39   904 179.10
101745   0  2598 182.44
101745   1  2594 183.71
101745   2  2602 182.64
101745   3  2599 183.64
101745   4  2603 182.25
101745   5  2600 183.31
101745   6  2601 183.13
101745   7  2599 183.57
101745   8  2601 183.13
101745   9  2601 183.69
101745  10  2600 183.24
101745  11  2603 183.22
101745  12  2599 182.86
101745  13  2599 184.71
101745  14  2597 183.72
101745  15  2604 184.11
101745  16  2604 182.27
101745  17  2601 183.96
101745  18  2602 182.70
101745  19  2601 182.31
101745  20  2598 182.69
101745  21  2599 183.15
101745  22  2599 183.81
101745  23  2599 182.73
101745  24  2596 184.04
101745  25  2600 184.65
101745  26  2600 182.95
101745  27  2600 183.46
101745  28  2600 181.93
101745  29  2601 182.89
101745  30  2602 183.43
101745  31  2595 182.29
101745  32  2602 182.89
101745  33  2600 182.67
101745  34  2601 181.63
101745  35  2599 184.24
101745  36  2601 182.30
101745  37  2602 184.29
101745  38  2598 183.15
101745  39  2599 184.03
101749   0  1485 181.43
101749   1  1488 180.19
101749   2  1489 181.73
101749   3  1487 181.74
101749   4  1485 181.49
101749   5  1483 181.57
101749   6  1485 181.64
101749   7  1490 180.82
101749   8  1485 180.11
101749   9  1488 180.59
101749  10  1486 181.76
101749  11  1488 181.90
101749  12  1487 180.37
101749  13  1488 181.55
101749  14  1486 181.32
101749  15  1487 182.17
101749  16  1488 181.62
101749  17  1490 181.34
101749  18  1487 182.10
101749  19  1491 179.67
101749  20  1487 182.27
101749  21  1489 180.08
101749  22  1488 182.56
101749  23  1485 179.47
101749  24  1488 180.08
101749  25  1488 180.08
101749  26  1487 181.92
101749  27  1494 181.07
101749  28  1492 181.08
101749  29  1488 181.58
101749  30  1486 181.07
101749  31  1484 180.38
101749  32  1489 180.98
101749  33  1489 180.90
101749  34  1490 180.35
101749  35  1489 181.81
101749  36  1490 182.90
101749  37  1489 180.55
101749  38  1491 181.42
101749  39  1489 182.06
101756   0  1256 182.13
101756   1  1256 181.15
101756   2  1257 182.40
101756   3  1256 181.14
101756   4  1257 180.50
101756   5  1256 181.79
101756   6  1260 181.12
101756   7  1261 181.83
101756   8  1261 180.00
101756   9  1256 180.18
101756  10  1259 182.29
101756  11  1258 180.85
101756  12  1263 180.86
101756  13  1258 179.93
101756  14  1259 179.67
101756  15  1259 180.25
101756  16  1258 182.06
101756  17  1258 181.29
101756  18  1258 181.54
101756  19  1256 180.75
101756  20  1258 181.44
101756  21  1255 180.42
101756  22  1260 181.46
101756  23  1260 182.01
101756  24  1257 181.44
101756  25  1255 181.65
101756  26  1261 179.95
101756  27  1259 181.82
101756  28  1262 181.28
101756  29  1259 182.90
101756  30  1260 180.94
101756  31  1255 182.38
101756  32  1257 181.01
101756  33  1260 181.51
101756  34  1259 180.77
101756  35  1258 180.94
101756  36  1261 181.92
101756  37  1256 181.16
101756  38  1259 181.45
101756  39  1257 181.35
101759   0   854 180.15
101759   1   856 179.47
101759   2   857 179.55
101759   3   860 177.22
101759   4   861 179.12
101759   5   859 178.24
101759   6   866 180.02
101759   7   863 177.99
101759   8   867 178.68
101759   9   867 179.53
101759  10   865 177.31
101759  11   863 179.32
101759  12   864 178.98
101759  13   870 179.31
101759  14   870 178.48
101759  15   870 179.59
101759  16   871 178.41
101759  17   871 179.35
101759  18   867 179.57
101759  19   867 179.38
101759  20   869 179.07
101759  21   867 178.62
101759  22   865 180.35
101759  23   869 179.33
101759  24   865 178.78
101759  25   867 178.11
101759  26   869 178.16
101759  27   866 178.94
101759  28   865 179.80
101759  29   865 179.88
101759  30   868 178.66
101759  31   864 180.41
101759  32   868 179.37
101759  33   869 178.84
101759  34   872 179.65
101759  35   869 180.20
101759  36   867 179.07
101759  37   864 179.89
101759  38   869 178.59
101759  39   870 178.16
101763   0  2323 182.60
101763   1  2320 181.04
101763   2  2325 181.57
101763   3  2322 182.46
101763   4  2321 181.80
101763   5  2329 181.57
101763   6  2328 180.08
101763   7  2328 181.53
101763   8  2327 181.20
101763   9  2333 181.00
101763  10  2326 182.13
101763  11  2325 181.83
101763  12  2327 181.40
101763  13  2329 182.62
101763  14  2329 182.03
101763  15  2327 181.16
101763  16  2325 181.05
101763  17  2330 181.20
101763  18  2330 181.25
101763  19  2330 182.16
101763  20  2328 183.26
101763  21  2330 180.58
101763  22  2336 183.03
101763  23  2336 180.33
101763  24  2334 182.80
101763  25  2330 181.31
101763  26  2329 182.66
101763  27  2333 180.85
101763  28  2329 180.61
101763  29  2331 180.36
101763  30  2330 180.94
101763  31  2331 182.13
101763  32  2333 182.76
101763  33  2327 181.65
101763  34  2330 182.27
101763  35  2328 183.04
101763  36  2331 182.25
101763  37  2330 183.31
101763  38  2330 183.02
101763  39  2328 181.21
101771   0   935 178.03
101771   1   935 177.63
101771   2   939 179.08
101771   3   936 176.94
101771   4   938 177.47
101771   5   937 178.91
101771   6   939 176.96
101771   7   938 176.23
101771   8   936 177.85
101771   9   934 177.81
101771  10   938 177.23
101771  11   944 177.36
101771  12   938 177.13
101771  13   936 176.87
101771  14   937 177.23
101771  15   941 177.03
101771  16   942 177.10
101771  17   936 177.52
101771  18   935 177.77
101771  19   935 178.50
101771  20   942 177.25
101771  21   942 176.52
101771  22   940 176.82
101771  23   939 177.81
101771  24   936 176.66
101771  25   938 177.05
101771  26   941 178.18
101771  27   940 178.55
101771  28   940 177.90
101771  29   940 176.80
101771  30   936 177.53
101771  31   938 176.46
101771  32   939 178.51
101771  33   939 176.59
101771  34   945 176.31
101771  35   943 176.91
101771  36   944 178.26
101771  37   939 177.26
101771  38   941 177.66
101771  39   942 177.62
101774   0  1383 180.92
101774   1  1383 180.69
101774   2  1384 181.13
101774   3  1385 181.98
101774   4  1384 182.26
101774   5  1383 182.46
101774   6  1385 181.92
101774   7  1384 182.67
101774   8  1383 181.37
101774   9  1383 180.75
101774  10  1384 182.57
101774  11  1381 180.59
101774  12  1379 180.95
101774  13  1382 181.57
101774  14  1386 181.39
101774  15  1378 179.95
101774  16  1386 182.18
101774  17  1375 179.86
101774  18  1381 182.22
101774  19  1380 181.47
101774  20  1381 180.04
101774  21  1385 180.53
101774  22  1387 180.15
101774  23  1382 180.75
101774  24  1383 182.27
101774  25  1383 182.39
101774  26  1386 181.91
101774  27  1381 182.03
101774  28  1383 181.79
101774  29  1387 182.72
101774  30  1392 181.99
101774  31  1385 181.39
101774  32  1387 182.10
101774  33  1386 181.79
101774  34  1381 182.73
101774  35  1385 181.10
101774  36  1383 181.11
101774  37  1380 182.25
101774  38  1385 181.13
101774  39  1383 182.05
101780   0   766 179.14
101780   1   768 179.75
101780   2   767 178.11
101780   3   764 180.47
101780   4   769 179.50
101780   5   765 179.43
101780   6   768 179.57
101780   7   769 180.29
101780   8   766 180.39
101780   9   762 179.61
101780  10   763 178.79
101780  11   769 179.77
101780  12   768 180.70
101780  13   766 179.61
101780  14   771 180.15
101780  15   765 181.04
101780  16   765 180.27
101780  17   768 179.74
101780  18   764 180.70
101780  19   767 179.43
101780  20   765 179.63
101780  21   769 180.10
101780  22   766 178.73
101780  23   766 178.97
101780  24   764 180.26
101780  25   770 179.21
101780  26   769 179.23
101780  27   770 179.38
101780  28   765 179.59
101780  29   767 179.36
101780  30   769 178.38
101780  31   768 179.55
101780  32   764 180.64
101780  33   768 179.83
101780  34   767 180.55
101780  35   767 179.76
101780  36   771 179.59
101780  37   767 179.47
101780  38   765 177.90
101780  39   766 180.11
101787   0  2158 179.91
101787   1  2155 179.75
101787   2  2155 180.26
101787   3  2155 179.09
101787   4  2146 180.28
101787   5  2149 179.15
101787   6  2149 180.50
101787   7  2149 180.57
101787   8  2151 181.49
101787   9  2145 180.13
101787  10  2151 178.81
101787  11  2155 180.22
101787  12  2157 179.92
101787  13  2157 180.43
101787  14  2157 179.82
101787  15  2158 180.06
101787  16  2156 179.35
101787  17  2162 180.26
101787  18  2158 178.98
101787  19  2164 180.19
101787  20  2164 179.77
101787  21  2165 179.09
101787  22  2164 180.57
101787  23  2166 180.50
101787  24  2166 179.86
101787  25  2165 180.64
101787  26  2164 180.47
101787  27  2163 179.42
101787  28  2161 180.77
101787  29  2165 179.24
101787  30  2160 179.11
101787  31  2156 180.71
101787  32  2159 179.44
101787  33  2161 179.24
101787  34  2159 178.35
101787  35  2157 180.77
101787  36  2158 180.33
101787  37  2162 180.30
101787  38  2160 179.83
101787  39  2158 180.56
101793   0  1035 179.11
101793   1  1037 179.32
101793   2  1035 179.48
101793   3  1036 180.15
101793   4  1037 177.82
101793   5  1035 180.07
101793   6  1032 178.56
101793   7  1034 180.01
101793   8  1035 179.34
101793   9  1035 179.28
101793  10  1036 177.50
101793  11  1039 178.56
101793  12  1034 178.76
101793  13  1038 180.07
101793  14  1031 178.53
101793  15  1040 179.71
101793  16  1033 179.66
101793  17  1037 176.59
101793  18  1039 178.69
101793  19  1038 179.28
101793  20  1034 178.62
101793  21  1038 179.15
101793  22  1037 178.84
101793  23  1040 181.61
101793  24  1037 178.92
101793  25  1037 179.64
101793  26  1032 179.50
101793  27  1036 179.47
101793  28  1036 179.22
101793  29  1035 179.69
101793  30  1039 178.73
101793  31  1038 178.19
101793  32  1037 179.72
101793  33  1040 178.65
101793  34  1040 179.95
101793  35  1037 177.43
101793  36  1038 180.44
101793  37  1039 179.30
101793  38  1038 180.01
101793  39  1037 179.67
101795   0   968 178.51
101795   1   963 178.88
101795   2   964 180.38
101795   3   967 178.70
101795   4   965 180.51
101795   5   964 178.95
101795   6   961 178.56
101795   7   970 179.31
101795   8   966 179.67
101795   9   962 180.07
101795  10   968 179.04
101795  11   968 179.78
101795  12   973 178.60
101795  13   966 179.26
101795  14   968 179.03
101795  15   966 177.93
101795  16   966 179.56
101795  17   965 178.76
101795  18   967 178.61
101795  19   964 179.03
101795  20   964 179.06
101795  21   965 179.73
101795  22   965 179.34
101795  23   966 178.87
101795  24   968 179.74
101795  25   964 179.03
101795  26   965 179.79
101795  27   968 178.28
101795  28   966 179.74
101795  29   970 178.85
101795  30   967 178.82
101795  31   969 178.48
101795  32   970 179.41
101795  33   967 178.20
101795  34   964 179.85
101795  35   966 177.42
101795  36   969 178.81
101795  37   967 180.04
101795  38   969 178.64
101795  39   963 179.31
101799   0  1204 178.87
101799   1  1204 179.86
101799   2  1204 179.93
101799   3  1205 180.93
101799   4  1210 178.83
101799   5  1206 180.03
101799   6  1205 178.79
101799   7  1208 179.57
101799   8  1203 179.43
101799   9  1205 179.55
101799  10  1206 179.51
101799  11  1208 179.89
101799  12  1207 179.84
101799  13  1208 180.45
101799  14  1207 179.63
101799  15  1212 179.49
101799  16  1212 180.91
101799  17  1208 179.32
101799  18  1208 180.30
101799  19  1207 181.13
101799  20  1206 180.17
101799  21  1210 179.99
101799  22  1211 180.25
101799  23  1209 180.63
101799  24  1210 180.59
101799  25  1209 180.33
101799  26  1213 180.22
101799  27  1212 179.57
101799  28  1206 180.52
101799  29  1209 179.74
101799  30  1212 180.35
101799  31  1207 180.05
101799  32  1214 180.44
101799  33  1211 179.66
101799  34  1208 179.58
101799  35  1205 179.17
101799  36  1209 179.37
101799  37  1207 178.99
101799  38  1212 180.04
101799  39  1208 179.92
101933   0  1149 178.85
101933   1  1152 179.34
101933   2  1147 179.93
101933   3  1148 180.03
101933   4  1148 181.78
101933   5  1149 181.01
101933   6  1148 180.32
101933   7  1149 179.63
101933   8  1151 178.68
101933   9  1151 178.94
101933  10  1149 179.61
101933  11  1148 178.84
101933  12  1153 179.86
101933  13  1147 179.16
101933  14  1148 178.83
101933  15  1148 178.73
101933  16  1151 178.46
101933  17  1150 179.09
101933  18  1152 179.68
101933  19  1147 180.22
101933  20  1150 180.46
101933  21  1148 180.15
101933  22  1149 179.68
101933  23  1153 179.14
101933  24  1153 179.75
101933  25  1151 178.45
101933  26  1150 180.21
101933  27  1155 179.52
101933  28  1149 179.67
101933  29  1148 180.25
101933  30  1149 179.23
101933  31  1151 179.16
101933  32  1151 179.75
101933  33  1151 180.05
101933  34  1151 179.05
101933  35  1155 180.96
101933  36  1152 179.90
101933  37  1148 180.22
101933  38  1150 179.84
101933  39  1151 180.43
101806   0  1004 181.06
101806   1  1006 180.78
101806   2  1007 179.68
101806   3  1004 179.76
101806   4  1010 180.02
101806   5  1009 179.94
101806   6  1006 180.20
101806   7  1010 178.86
101806   8  1005 179.47
101806   9  1008 179.37
101806  10  1006 180.51
101806  11  1008 178.94
101806  12  1014 179.76
101806  13  1006 178.02
101806  14  1008 179.32
101806  15  1010 180.17
101806  16  1009 180.07
101806  17  1009 179.43
101806  18  1010 179.92
101806  19  1009 179.20
101806  20  1010 178.06
101806  21  1011 179.69
101806  22  1007 178.57
101806  23  1003 179.41
101806  24  1008 180.09
101806  25  1004 179.51
101806  26  1008 178.23
101806  27  1010 178.20
101806  28  1010 179.28
101806  29  1010 179.78
101806  30  1010 180.47
101806  31  1005 179.27
101806  32  1011 179.30
101806  33  1004 180.05
101806  34  1009 180.05
101806  35  1012 179.22
101806  36  1009 179.15
101806  37  1009 179.27
101806  38  1009 180.55
101806  39  1007 178.62
101809   0  1204 180.95
101809   1  1201 181.39
101809   2  1201 179.92
101809   3  1199 181.04
101809   4  1200 180.04
101809   5  1198 179.69
101809   6  1202 181.46
101809   7  1203 179.92
101809   8  1198 180.24
101809   9  1199 180.83
101809  10  1205 180.03
101809  11  1200 179.75
101809  12  1201 180.30
101809  13  1201 181.02
101809  14  1200 179.15
101809  15  1208 181.87
101809  16  1199 179.97
101809  17  1200 180.96
101809  18  1200 180.88
101809  19  1200 179.42
101809  20  1203 180.68
101809  21  1203 179.96
101809  22  1201 179.84
101809  23  1203 180.62
101809  24  1200 180.42
101809  25  1200 180.02
101809  26  1204 180.78
101809  27  1203 180.99
101809  28  1204 182.52
101809  29  1204 180.73
101809  30  1204 180.75
101809  31  1202 180.23
101809  32  1202 181.04
101809  33  1200 180.45
101809  34  1207 180.69
101809  35  1202 180.27
101809  36  1204 180.91
101809  37  1202 180.59
101809  38  1204 180.30
101809  39  1201 180.35
101811   0  1264 181.56
101811   1  1266 179.47
101811   2  1264 179.86
101811   3  1266 181.13
101811   4  1268 180.87
101811   5  1266 181.17
101811   6  1268 179.71
101811   7  1267 179.54
101811   8  1264 181.06
101811   9  1265 181.19
101811  10  1267 179.95
101811  11  1263 179.60
101811  12  1269 181.52
101811  13  1263 181.09
101811  14  1265 180.42
101811  15  1261 182.02
101811  16  1265 179.84
101811  17  1270 180.99
101811  18  1266 180.37
101811  19  1268 179.46
101811  20  1269 181.93
101811  21  1266 179.96
101811  22  1266 181.71
101811  23  1268 180.75
101811  24  1266 181.07
101811  25  1265 180.78
101811  26  1266 179.42
101811  27  1269 181.56
101811  28  1266 181.49
101811  29  1265 179.48
101811  30  1267 179.02
101811  31  1265 180.51
101811  32  1264 180.56
101811  33  1272 180.37
101811  34  1269 179.12
101811  35  1269 180.38
101811  36  1263 179.82
101811  37  1264 179.52
101811  38  1265 180.89
101811  39  1261 181.08
101815   0  1489 181.34
101815   1  1481 181.27
101815   2  1487 182.59
101815   3  1489 181.83
101815   4  1492 180.95
101815   5  1489 182.08
101815   6  1484 180.88
101815   7  1486 181.79
101815   8  1491 180.92
101815   9  1488 182.44
101815  10  1486 182.20
101815  11  1489 181.87
101815  12  1493 182.53
101815  13  1490 182.69
101815  14  1487 181.56
101815  15  1491 180.31
101815  16  1486 181.52
101815  17  1491 181.55
101815  18  1493 181.74
101815  19  1490 181.97
101815  20  1492 180.61
101815  21  1489 181.93
101815  22  1483 181.77
101815  23  1485 183.57
101815  24  1493 182.32
101815  25  1493 182.16
101815  26  1485 181.96
101815  27  1491 181.45
101815  28  1487 181.75
101815  29  1489 181.28
101815  30  1487 181.02
101815  31  1491 182.20
101815  32  1483 181.19
101815  33  1489 182.17
101815  34  1492 181.36
101815  35  1489 181.52
101815  36  1495 181.16
101815  37  1494 181.12
101815  38  1491 181.83
101815  39  1497 181.39
101819   0  1479 179.69
101819   1  1474 181.56
101819   2  1477 180.69
101819   3  1479 179.70
101819   4  1479 181.31
101819   5  1483 182.56
101819   6  1481 181.35
101819   7  1479 182.11
101819   8  1479 182.08
101819   9  1481 180.90
101819  10  1485 182.28
101819  11  1479 181.34
101819  12  1482 182.15
101819  13  1479 181.83
101819  14  1477 180.60
101819  15  1479 182.31
101819  16  1483 182.08
101819  17  1479 180.53
101819  18  1482 180.56
101819  19  1479 181.83
101819  20  1481 182.83
101819  21  1481 180.94
101819  22  1480 181.65
101819  23  1479 180.33
101819  24  1480 181.50
101819  25  1484 180.52
101819  26  1478 181.55
101819  27  1483 181.98
101819  28  1485 180.70
101819  29  1478 180.05
101819  30  1481 182.09
101819  31  1482 179.91
101819  32  1482 181.49
101819  33  1480 181.43
101819  34  1479 181.67
101819  35  1479 179.76
101819  36  1477 180.26
101819  37  1486 180.93
101819  38  1484 182.14
101819  39  1485 180.46
101822   0   923 179.50
101822   1   923 178.75
101822   2   925 179.21
101822   3   922 179.78
101822   4   922 178.21
101822   5   923 178.48
101822   6   925 177.85
101822   7   922 179.47
101822   8   919 178.06
101822   9   923 179.49
101822  10   926 179.86
101822  11   924 180.31
101822  12   923 180.55
101822  13   924 179.23
101822  14   921 177.06
101822  15   920 178.44
101822  16   921 179.61
101822  17   924 179.41
101822  18   922 179.83
101822  19   926 180.46
101822  20   925 179.41
101822  21   923 178.25
101822  22   923 179.44
101822  23   919 178.47
101822  24   924 179.12
101822  25   923 179.21
101822  26   922 178.98
101822  27   926 180.77
101822  28   926 179.09
101822  29   926 177.80
101822  30   923 178.68
101822  31   925 177.70
101822  32   922 178.88
101822  33   925 178.93
101822  34   920 178.66
101822  35   924 178.91
101822  36   926 179.11
101822  37   926 178.89
101822  38   923 178.08
101822  39   925 178.88
101824   0   908 179.74
101824   1   905 178.85
101824   2   896 179.65
101824   3   899 178.51
101824   4   897 179.96
101824   5   899 179.32
101824   6   901 180.25
101824   7   901 178.62
101824   8   900 179.16
101824   9   896 179.36
101824  10   907 178.68
101824  11   903 178.75
101824  12   899 178.88
101824  13   901 179.88
101824  14   904 179.28
101824  15   906 178.95
101824  16   898 179.45
101824  17   905 179.44
101824  18   907 178.61
101824  19   904 178.07
101824  20   904 179.90
101824  21   906 180.31
101824  22   901 180.17
101824  23   903 178.03
101824  24   904 179.37
101824  25   904 179.76
101824  26   907 180.20
101824  27   905 178.95
101824  28   905 178.51
101824  29   907 180.00
101824  30   904 179.96
101824  31   900 179.01
101824  32   902 178.65
101824  33   897 179.29
101824  34   900 180.15
101824  35   892 181.13
101824  36   899 177.75
101824  37   900 180.70
101824  38   899 178.63
101824  39   899 178.77
101827   0  1295 180.63
101827   1  1296 180.95
101827   2  1296 180.72
101827   3  1297 180.50
101827   4  1294 180.50
101827   5  1294 180.98
101827   6  1297 180.38
101827   7  1300 181.99
101827   8  1298 181.21
101827   9  1296 181.42
101827  10  1298 180.32
101827  11  1296 181.64
101827  12  1297 180.55
101827  13  1295 181.64
101827  14  1293 181.59
101827  15  1293 181.22
101827  16  1296 181.30
101827  17  1295 181.03
101827  18  1294 179.98
101827  19  1297 180.46
101827  20  1297 179.64
101827  21  1298 181.52
101827  22  1298 180.59
101827  23  1293 180.71
101827  24  1297 180.25
101827  25  1296 182.07
101827  26  1299 181.07
101827  27  1297 180.61
101827  28  1297 180.32
101827  29  1298 180.74
101827  30  1297 180.32
101827  31  1299 181.20
101827  32  1297 180.32
101827  33  1301 180.86
101827  34  1302 180.05
101827  35  1299 181.21
101827  36  1294 179.81
101827  37  1299 180.84
101827  38  1297 181.41
101827  39  1297 180.24
101831   0   716 179.79
101831   1   714 180.51
101831   2   710 181.22
101831   3   709 179.33
101831   4   705 179.75
101831   5   711 180.05
101831   6   706 180.61
101831   7   707 180.70
101831   8   707 180.76
101831   9   708 179.55
101831  10   712 180.58
101831  11   711 180.77
101831  12   710 180.06
101831  13   708 179.14
101831  14   708 180.94
101831  15   708 180.07
101831  16   711 179.45
101831  17   709 180.25
101831  18   720 181.10
101831  19   726 180.97
101831  20   733 180.26
101831  21   734 181.11
101831  22   735 180.71
101831  23   735 180.61
101831  24   741 181.18
101831  25   739 180.31
101831  26   741 180.47
101831  27   743 179.66
101831  28   745 179.88
101831  29   746 180.05
101831  30   749 180.39
101831  31   751 180.93
101831  32   748 181.20
101831  33   750 179.08
101831  34   746 180.47
101831  35   753 179.12
101831  36   747 179.52
101831  37   746 179.69
101831  38   749 180.34
101831  39   743 181.61
101834   0   905 179.28
101834   1   903 179.41
101834   2   902 180.20
101834   3   908 179.94
101834   4   901 179.45
101834   5   908 179.50
101834   6   904 179.02
101834   7   910 180.24
101834   8   905 180.03
101834   9   907 179.70
101834  10   907 178.76
101834  11   909 178.47
101834  12   909 178.74
101834  13   904 180.17
101834  14   903 178.19
101834  15   906 179.25
101834  16   903 179.67
101834  17   901 178.86
101834  18   901 179.85
101834  19   898 179.97
101834  20   903 179.33
101834  21   901 180.06
101834  22   902 179.75
101834  23   900 180.01
101834  24   898 178.59
101834  25   898 177.98
101834  26   898 179.55
101834  27   900 179.58
101834  28   904 179.19
101834  29   903 179.41
101834  30   901 179.18
101834  31   901 179.88
101834  32   902 179.08
101834  33   904 178.38
101834  34   903 179.28
101834  35   904 179.65
101834  36   906 178.98
101834  37   907 177.52
101834  38   910 179.54
101834  39   904 179.60
101839   0   969 181.14
101839   1   977 178.44
101839   2   975 180.15
101839   3   982 180.46
101839   4   981 179.58
101839   5   983 180.53
101839   6   978 177.97
101839   7   977 180.14
101839   8   981 180.49
101839   9   988 181.01
101839  10   981 179.83
101839  11   986 179.93
101839  12   982 180.31
101839  13   984 179.63
101839  14   986 179.03
101839  15   986 179.71
101839  16   987 179.99
101839  17   985 179.64
101839  18   982 180.54
101839  19   979 180.13
101839  20   975 178.75
101839  21   981 180.60
101839  22   981 179.90
101839  23   980 179.25
101839  24   975 179.42
101839  25   977 179.00
101839  26   979 180.49
101839  27   982 179.19
101839  28   983 180.36
101839  29   981 179.19
101839  30   979 179.60
101839  31   977 178.81
101839  32   977 179.84
101839  33   977 178.89
101839  34   977 180.77
101839  35   976 179.59
101839  36   976 177.79
101839  37   979 179.92
101839  38   976 179.64
101839  39   975 179.39
101842   0  1216 181.57
101842   1  1216 180.25
101842   2  1214 180.26
101842   3  1210 179.57
101842   4  1212 180.42
101842   5  1214 179.99
101842   6  1212 179.61
101842   7  1213 180.25
101842   8  1216 180.44
101842   9  1215 179.34
101842  10  1216 179.60
101842  11  1215 180.96
101842  12  1214 180.88
101842  13  1214 181.13
101842  14  1210 180.22
101842  15  1215 180.37
101842  16  1215 179.78
101842  17  1215 180.61
101842  18  1215 179.72
101842  19  1214 179.80
101842  20  1217 180.28
101842  21  1214 180.67
101842  22  1212 180.37
101842  23  1218 179.57
101842  24  1213 180.99
101842  25  1215 178.32
101842  26  1212 181.92
101842  27  1213 180.65
101842  28  1215 181.15
101842  29  1216 180.27
101842  30  1215 180.38
101842  31  1215 180.15
101842  32  1215 179.56
101842  33  1217 178.87
101842  34  1214 179.67
101842  35  1216 180.71
101842  36  1212 179.90
101842  37  1213 179.58
101842  38  1218 181.19
101842  39  1215 180.26
101845   0   812 180.86
101845   1   815 179.88
101845   2   809 179.97
101845   3   817 179.77
101845   4   805 180.43
101845   5   814 180.46
101845   6   816 179.46
101845   7   812 179.66
101845   8   813 179.68
101845   9   810 179.95
101845  10   812 179.80
101845  11   812 180.30
101845  12   814 180.37
101845  13   816 179.77
101845  14   814 180.79
101845  15   817 179.29
101845  16   809 178.60
101845  17   811 179.73
101845  18   808 180.38
101845  19   811 179.81
101845  20   818 180.24
101845  21   816 179.61
101845  22   814 178.66
101845  23   806 180.30
101845  24   814 178.72
101845  25   811 179.86
101845  26   811 179.72
101845  27   810 179.33
101845  28   811 179.70
101845  29   810 180.22
101845  30   808 179.93
101845  31   814 178.74
101845  32   811 178.48
101845  33   812 180.24
101845  34   808 179.50
101845  35   811 180.70
101845  36   815 179.18
101845  37   813 178.67
101845  38   812 181.10
101845  39   809 180.13
101849   0   483 180.60
101849   1   481 181.18
101849   2   484 180.24
101849   3   479 179.37
101849   4   477 179.48
101849   5   476 181.75
101849   6   481 180.44
101849   7   482 180.17
101849   8   479 180.04
101849   9   479 181.49
101849  10   480 181.06
101849  11   474 180.14
101849  12   479 180.35
101849  13   478 180.46
101849  14   479 179.53
101849  15   481 180.39
101849  16   473 179.13
101849  17   474 180.14
101849  18   476 180.51
101849  19   475 180.10
101849  20   477 181.01
101849  21   475 179.71
101849  22   473 180.29
101849  23   472 180.24
101849  24   474 180.52
101849  25   471 181.18
101849  26   474 179.31
101849  27   475 179.67
101849  28   477 179.21
101849  29   476 180.75
101849  30   468 181.74
101849  31   468 179.41
101849  32   470 179.46
101849  33   471 180.00
101849  34   472 180.44
101849  35   472 181.69
101849  36   475 179.19
101849  37   470 179.84
101849  38   471 181.45
101849  39   470 180.66
101852   0     0   0.00
101852   1     0   0.00
101852   2     0   0.00
101852   3     0   0.00
101852   4     0   0.00
101852   5     0   0.00
101852   6     0   0.00
101852   7     0   0.00
101852   8     0   0.00
101852   9     0   0.00
101852  10     0   0.00
101852  11     0   0.00
101852  12     0   0.00
101852  13     0   0.00
101852  14     0   0.00
101852  15     0   0.00
101852  16     0   0.00
101852  17     0   0.00
101852  18     0   0.00
101852  19     0   0.00
101852  20     0   0.00
101852  21     0   0.00
101852  22     0   0.00
101852  23     0   0.00
101852  24     0   0.00
101852  25     0   0.00
101852  26     0   0.00
101852  27     0   0.00
101852  28     0   0.00
101852  29     0   0.00
101852  30     0   0.00
101852  31     0   0.00
101852  32     0   0.00
101852  33     0   0.00
101852  34     0   0.00
101852  35     0   0.00
101852  36     0   0.00
101852  37     0   0.00
101852  38     0   0.00
101852  39     0   0.00
102178   0   995 177.90
102178   1   990 177.07
102178   2   987 177.95
102178   3   985 177.74
102178   4   989 178.74
102178   5   988 176.11
102178   6   984 178.65
102178   7   986 178.46
102178   8   988 177.58
102178   9   985 177.48
102178  10   985 177.85
102178  11   989 178.15
102178  12   986 177.79
102178  13   989 177.42
102178  14   988 179.16
102178  15   985 177.25
102178  16   987 177.99
102178  17   986 179.31
102178  18   988 178.01
102178  19   988 178.89
102178  20   986 177.49
102178  21   987 177.89
102178  22   984 177.17
102178  23   984 179.25
102178  24   985 177.68
102178  25   985 177.64
102178  26   985 177.37
102178  27   990 178.25
102178  28   986 178.78
102178  29   981 177.66
102178  30   985 177.70
102178  31   988 177.96
102178  32   980 177.91
102178  33   988 178.18
102178  34   985 178.23
102178  35   986 176.89
102178  36   988 178.39
102178  37   984 178.46
102178  38   984 177.29
102178  39   987 177.77
101889   0  1275 180.49
101889   1  1273 182.11
101889   2  1274 180.97
101889   3  1272 180.65
101889   4  1277 180.74
101889   5  1277 181.14
101889   6  1273 180.05
101889   7  1274 181.27
101889   8  1275 181.71
101889   9  1274 181.50
101889  10  1275 181.14
101889  11  1274 181.16
101889  12  1278 180.36
101889  13  1276 181.03
101889  14  1274 181.66
101889  15  1271 180.34
101889  16  1275 181.47
101889  17  1273 180.94
101889  18  1276 180.89
101889  19  1278 180.84
101889  20  1275 181.48
101889  21  1278 180.08
101889  22  1275 181.57
101889  23  1271 180.17
101889  24  1276 181.18
101889  25  1276 181.14
101889  26  1273 180.12
101889  27  1276 181.64
101889  28  1277 181.43
101889  29  1278 180.21
101889  30  1270 182.54
101889  31  1276 181.82
101889  32  1276 180.94
101889  33  1273 180.61
101889  34  1275 181.86
101889  35  1274 180.80
101889  36  1271 181.87
101889  37  1276 181.39
101889  38  1275 181.92
101889  39  1275 179.88
101892   0  1487 181.28
101892   1  1482 181.84
101892   2  1487 181.23
101892   3  1485 181.64
101892   4  1487 182.20
101892   5  1482 181.44
101892   6  1482 181.40
101892   7  1479 181.61
101892   8  1483 180.97
101892   9  1484 181.15
101892  10  1483 179.92
101892  11  1484 181.61
101892  12  1481 181.08
101892  13  1486 181.40
101892  14  1488 180.77
101892  15  1486 180.45
101892  16  1486 180.84
101892  17  1487 181.88
101892  18  1486 180.33
101892  19  1482 182.98
101892  20  1479 181.14
101892  21  1485 181.34
101892  22  1483 181.17
101892  23  1484 180.45
101892  24  1479 183.79
101892  25  1481 182.44
101892  26  1479 181.55
101892  27  1483 182.67
101892  28  1484 181.21
101892  29  1485 180.72
101892  30  1486 180.81
101892  31  1483 181.66
101892  32  1481 182.49
101892  33  1481 182.12
101892  34  1486 182.45
101892  35  1487 181.31
101892  36  1486 181.47
101892  37  1483 182.03
101892  38  1486 180.71
101892  39  1486 181.52
101895   0  1472 181.41
101895   1  1470 180.24
101895   2  1467 181.13
101895   3  1470 180.82
101895   4  1471 180.67
101895   5  1471 180.76
101895   6  1469 180.62
101895   7  1468 181.10
101895   8  1472 181.75
101895   9  1473 181.75
101895  10  1469 181.39
101895  11  1469 181.37
101895  12  1471 179.79
101895  13  1472 180.30
101895  14  1475 182.37
101895  15  1475 180.59
101895  16  1471 180.96
101895  17  1474 182.20
101895  18  1470 180.19
101895  19  1477 180.93
101895  20  1471 180.71
101895  21  1476 181.50
101895  22  1474 180.13
101895  23  1467 181.97
101895  24  1472 180.51
101895  25  1467 181.38
101895  26  1470 180.15
101895  27  1470 181.32
101895  28  1479 181.95
101895  29  1474 181.38
101895  30  1476 181.07
101895  31  1471 180.62
101895  32  1478 180.33
101895  33  1475 180.75
101895  34  1474 180.18
101895  35  1479 180.73
101895  36  1476 180.90
101895  37  1475 181.12
101895  38  1477 181.38
101895  39  1471 179.54
101898   0  1209 180.65
101898   1  1211 180.18
101898   2  1210 181.64
101898   3  1209 180.19
101898   4  1210 181.44
101898   5  1215 180.69
101898   6  1212 180.23
101898   7  1208 180.61
101898   8  1211 179.29
101898   9  1210 180.57
101898  10  1215 179.44
101898  11  1210 179.88
101898  12  1212 181.34
101898  13  1210 180.57
101898  14  1211 180.66
101898  15  1213 179.13
101898  16  1211 180.47
101898  17  1214 180.68
101898  18  1211 180.55
101898  19  1213 179.99
101898  20  1211 179.61
101898  21  1213 180.43
101898  22  1210 180.88
101898  23  1212 178.14
101898  24  1211 181.27
101898  25  1213 180.63
101898  26  1212 180.18
101898  27  1210 179.50
101898  28  1211 180.59
101898  29  1215 179.78
101898  30  1209 180.18
101898  31  1211 181.33
101898  32  1209 180.60
101898  33  1209 180.22
101898  34  1213 180.19
101898  35  1212 180.99
101898  36  1209 179.31
101898  37  1214 179.90
101898  38  1214 180.82
101898  39  1212 179.82
101903   0  1060 176.99
101903   1  1056 179.45
101903   2  1040 179.52
101903   3  1034 178.06
101903   4  1023 178.70
101903   5  1023 178.93
101903   6  1008 179.88
101903   7  1012 177.91
101903   8  1005 178.27
101903   9  1011 178.90
101903  10  1029 178.72
101903  11  1039 177.97
101903  12  1042 179.28
101903  13  1032 177.83
101903  14  1025 178.75
101903  15  1035 178.24
101903  16  1031 179.67
101903  17  1032 177.63
101903  18  1038 179.27
101903  19  1040 178.03
101903  20  1048 176.68
101903  21  1042 178.78
101903  22  1048 179.34
101903  23  1045 178.86
101903  24  1046 177.56
101903  25  1047 177.65
101903  26  1042 179.08
101903  27  1045 178.04
101903  28  1038 177.76
101903  29  1029 178.99
101903  30  1029 178.97
101903  31  1036 179.33
101903  32  1035 178.36
101903  33  1034 177.52
101903  34  1028 179.00
101903  35  1026 179.28
101903  36  1027 177.21
101903  37  1030 178.08
101903  38  1029 178.05
101903  39  1030 178.88
101905   0   889 180.89
101905   1   889 179.27
101905   2   890 178.99
101905   3   886 179.57
101905   4   890 180.50
101905   5   885 178.19
101905   6   889 180.26
101905   7   889 179.69
101905   8   891 178.52
101905   9   890 179.03
101905  10   895 179.73
101905  11   892 177.82
101905  12   888 179.69
101905  13   890 180.33
101905  14   890 179.25
101905  15   892 178.95
101905  16   888 179.02
101905  17   894 179.07
101905  18   895 179.15
101905  19   896 179.19
101905  20   891 179.01
101905  21   893 178.72
101905  22   889 179.12
101905  23   894 179.93
101905  24   893 180.01
101905  25   897 180.07
101905  26   895 179.32
101905  27   896 179.48
101905  28   895 177.91
101905  29   898 180.91
101905  30   897 179.85
101905  31   895 179.87
101905  32   898 179.90
101905  33   899 179.25
101905  34   898 179.95
101905  35   897 181.04
101905  36   898 178.65
101905  37   898 179.20
101905  38   896 178.45
101905  39   899 179.76
101910   0   979 179.49
101910   1   974 179.31
101910   2   972 180.34
101910   3   976 178.79
101910   4   978 178.24
101910   5   978 178.99
101910   6   976 179.08
101910   7   974 179.92
101910   8   976 180.51
101910   9   979 179.10
101910  10   976 180.10
101910  11   976 179.84
101910  12   977 178.29
101910  13   977 178.04
101910  14   978 179.11
101910  15   974 179.70
101910  16   976 178.84
101910  17   975 179.60
101910  18   975 179.38
101910  19   976 179.52
101910  20   977 180.35
101910  21   975 178.90
101910  22   982 179.09
101910  23   973 178.80
101910  24   981 179.21
101910  25   978 179.69
101910  26   978 178.44
101910  27   977 178.94
101910  28   981 181.15
101910  29   975 179.02
101910  30   974 178.09
101910  31   978 178.76
101910  32   977 179.68
101910  33   974 179.56
101910  34   977 179.68
101910  35   978 177.23
101910  36   978 178.02
101910  37   976 179.39
101910  38   975 179.60
101910  39   977 178.05
101913   0  1584 182.39
101913   1  1584 181.36
101913   2  1590 181.67
101913   3  1584 180.61
101913   4  1584 181.60
101913   5  1584 181.30
101913   6  1584 181.84
101913   7  1584 181.03
101913   8  1580 182.13
101913   9  1577 179.17
101913  10  1584 181.79
101913  11  1584 182.69
101913  12  1578 180.17
101913  13  1585 181.71
101913  14  1588 181.32
101913  15  1583 180.15
101913  16  1584 180.09
101913  17  1587 180.62
101913  18  1589 182.05
101913  19  1588 181.93
101913  20  1581 180.59
101913  21  1584 181.65
101913  22  1579 179.97
101913  23  1585 181.79
101913  24  1592 180.73
101913  25  1586 181.00
101913  26  1585 180.32
101913  27  1584 181.72
101913  28  1581 180.34
101913  29  1582 181.70
101913  30  1582 182.06
101913  31  1580 180.88
101913  32  1584 180.99
101913  33  1584 180.93
101913  34  1586 181.39
101913  35  1584 179.59
101913  36  1585 180.92
101913  37  1587 180.69
101913  38  1581 179.32
101913  39  1585 180.79
101915   0  2637 181.45
101915   1  2637 181.84
101915   2  2648 181.48
101915   3  2654 181.85
101915   4  2645 182.78
101915   5  2624 180.63
101915   6  2651 180.64
101915   7  2619 181.42
101915   8  2640 181.18
101915   9  2631 180.24
101915  10  2631 181.68
101915  11  2652 181.51
101915  12  2652 182.55
101915  13  2653 180.24
101915  14  2654 183.71
101915  15  2630 182.69
101915  16  2645 181.88
101915  17  2651 180.21
101915  18  2647 181.94
101915  19  2641 181.70
101915  20  2646 181.85
101915  21  2640 181.81
101915  22  2645 182.10
101915  23  2652 180.69
101915  24  2652 181.81
101915  25  2643 182.31
101915  26  2644 181.79
101915  27  2637 181.82
101915  28  2645 181.95
101915  29  2637 182.78
101915  30  2648 182.21
101915  31  2642 181.77
101915  32  2645 181.27
101915  33  2643 182.04
101915  34  2642 181.80
101915  35  2648 182.34
101915  36  2655 181.35
101915  37  2647 180.62
101915  38  2647 182.09
101915  39  2643 181.18
101944   0 14308 181.05
101944   1 14035 181.32
101944   2 14631 180.82
101944   3 14636 182.26
101944   4 14559 182.38
101944   5 14158 181.36
101944   6 14280 182.11
101944   7 14484 180.65
101944   8 14493 181.16
101944   9 14378 182.59
101944  10 14392 181.52
101944  11 14280 179.85
101944  12 14350 181.11
101944  13 14244 180.26
101944  14 14082 181.53
101944  15 13757 181.21
101944  16 14087 181.96
101944  17 14221 181.66
101944  18 14386 180.20
101944  19 14060 180.68
101944  20 13800 180.26
101944  21 13756 181.41
101944  22 14560 181.51
101944  23 14725 181.37
101944  24 14796 182.39
101944  25 14814 181.04
101944  26 14822 181.66
101944  27 14771 181.14
101944  28 14786 181.88
101944  29 14781 181.20
101944  30 14787 181.31
101944  31 14779 181.08
101944  32 14767 182.56
101944  33 14739 181.51
101944  34 14715 182.21
101944  35 14662 180.81
101944  36 14600 181.34
101944  37 14565 181.13
101944  38 14542 181.71
101944  39 14522 181.48
102183   0  1241 180.53
102183   1  1241 180.89
102183   2  1239 180.32
102183   3  1239 180.57
102183   4  1241 181.33
102183   5  1241 181.87
102183   6  1239 179.88
102183   7  1242 181.74
102183   8  1239 180.84
102183   9  1241 181.43
102183  10  1242 181.40
102183  11  1241 180.04
102183  12  1238 181.15
102183  13  1241 181.00
102183  14  1243 179.91
102183  15  1240 181.10
102183  16  1236 179.94
102183  17  1240 180.67
102183  18  1245 180.88
102183  19  1241 180.30
102183  20  1239 179.74
102183  21  1240 180.68
102183  22  1240 180.20
102183  23  1241 179.90
102183  24  1239 181.34
102183  25  1240 181.74
102183  26  1245 180.01
102183  27  1252 180.00
102183  28  1245 179.69
102183  29  1251 182.27
102183  30  1247 180.60
102183  31  1245 180.51
102183  32  1253 181.12
102183  33  1250 180.33
102183  34  1250 181.36
102183  35  1248 179.61
102183  36  1250 180.72
102183  37  1252 181.60
102183  38  1247 181.80
102183  39  1250 179.58
101929   0  1345 181.12
101929   1  1345 180.27
101929   2  1348 181.05
101929   3  1350 181.49
101929   4  1348 182.08
101929   5  1347 180.24
101929   6  1346 178.77
101929   7  1348 181.09
101929   8  1346 181.44
101929   9  1343 181.66
101929  10  1342 181.62
101929  11  1343 181.10
101929  12  1344 179.88
101929  13  1342 181.32
101929  14  1344 180.47
101929  15  1337 181.27
101929  16  1342 180.18
101929  17  1340 180.66
101929  18  1349 180.30
101929  19  1344 181.56
101929  20  1342 181.01
101929  21  1344 181.29
101929  22  1349 180.36
101929  23  1346 181.80
101929  24  1348 181.19
101929  25  1350 180.50
101929  26  1350 181.75
101929  27  1342 180.91
101929  28  1346 181.87
101929  29  1343 181.45
101929  30  1344 182.35
101929  31  1348 180.81
101929  32  1344 181.93
101929  33  1348 180.01
101929  34  1352 181.76
101929  35  1344 181.84
101929  36  1346 180.45
101929  37  1346 181.82
101929  38  1346 181.69
101929  39  1349 181.13
