#Run Subrun PIN RMS
#------------------
104152  0   473 179.12
104152  1   472 178.69
104152  2   475 178.89
104152  3   469 179.69
104152  4   474 179.71
104152  5   476 178.82
104152  6   475 179.69
104152  7   474 178.62
104152  8   476 179.66
104152  9   474 179.56
104154  0   510 180.51
104154  1   508 180.02
104154  2   506 180.89
104154  3   510 180.01
104154  4   506 179.66
104154  5   506 179.41
104154  6   506 180.07
104154  7   505 180.46
104154  8   506 179.64
104154  9   510 179.69
104156  0   576 179.77
104156  1   575 178.98
104156  2   575 179.83
104156  3   574 181.46
104156  4   577 178.43
104156  5   574 180.27
104156  6   573 180.61
104156  7   578 180.29
104156  8   573 180.01
104156  9   575 179.74
104157  0   687 179.80
104157  1   682 179.00
104157  2   682 180.07
104157  3   680 180.07
104157  4   681 180.45
104157  5   683 178.13
104157  6   681 182.10
104157  7   682 180.43
104157  8   685 180.44
104157  9   689 181.31
104162  0   549 179.99
104162  1   541 180.80
104162  2   540 180.26
104162  3   542 180.19
104162  4   528 181.08
104162  5   532 180.33
104162  6   540 180.83
104162  7   545 180.03
104162  8   536 180.68
104162  9   545 179.63
104163  0   576 180.03
104163  1   572 179.76
104163  2   569 180.46
104163  3   567 180.82
104163  4   564 181.36
104163  5   563 179.72
104163  6   565 180.30
104163  7   564 181.02
104163  8   563 180.53
104163  9   563 179.91
104164  0   615 179.52
104164  1   611 179.87
104164  2   603 181.96
104164  3   614 180.03
104164  4   615 179.64
104164  5   604 179.50
104164  6   602 181.08
104164  7   599 178.79
104164  8   597 181.41
104164  9   606 181.65
104165  0   666 179.86
104165  1   656 181.51
104165  2   648 179.95
104165  3   613 181.59
104165  4   620 181.03
104165  5   642 180.33
104165  6   653 180.67
104165  7   654 181.30
104165  8   658 180.58
104165  9   661 180.29
104166  0   742 178.96
104166  1   746 180.00
104166  2   746 178.25
104166  3   738 180.15
104166  4   732 179.40
104166  5   730 178.49
104166  6   726 180.04
104166  7   727 179.56
104166  8   729 180.63
104166  9   728 179.69
104167  0   807 180.42
104167  1   799 178.81
104167  2   801 179.30
104167  3   797 178.93
104167  4   817 180.57
104167  5   824 178.80
104167  6   824 178.83
104167  7   827 179.80
104167  8   815 179.86
104167  9   807 179.05
104168  0   906 180.38
104168  1   899 180.22
104168  2   872 181.06
104168  3   868 180.98
104168  4   886 180.36
104168  5   898 177.67
104168  6   899 180.69
104168  7   887 179.99
104168  8   898 178.89
104168  9   901 179.81
104169  0  1012 178.93
104169  1  1013 179.44
104169  2  1015 179.24
104169  3  1012 179.63
104169  4  1030 180.77
104169  5  1016 178.53
104169  6  1006 180.73
104169  7   995 179.57
104169  8  1000 178.64
104169  9  1001 178.81
104173  0   949 179.66
104173  1   947 178.91
104173  2   952 178.54
104173  3   949 179.71
104173  4   954 179.68
104173  5   950 179.24
104173  6   953 178.99
104173  7   950 179.35
104173  8   955 180.35
104173  9   953 179.98
104175  0   969 178.88
104175  1   964 180.23
104175  2   976 179.46
104175  3   969 178.94
104175  4   973 179.24
104175  5   973 179.22
104175  6   971 179.57
104175  7   971 179.29
104175  8   973 179.53
104175  9   971 178.49
104174  0  1005 179.83
104174  1  1008 179.48
104174  2  1006 179.09
104174  3  1007 178.58
104174  4  1007 179.66
104174  5  1003 180.51
104174  6  1005 180.33
104174  7  1008 177.92
104174  8  1006 178.87
104174  9  1008 179.79
104176  0  1061 179.61
104176  1  1064 178.95
104176  2  1068 177.92
104176  3  1067 180.20
104176  4  1069 180.14
104176  5  1068 180.30
104176  6  1067 179.25
104176  7  1068 181.18
104176  8  1067 180.55
104176  9  1069 179.00
