#Run Subrun PIN RMS
#------------------
109763   0  1196 179.36
109763   1  1191 179.68
109763   2  1196 179.73
109763   3  1201 180.47
109763   4  1199 179.41
109763   5  1197 178.36
109763   6  1199 180.96
109763   7  1198 181.66
109763   8  1195 180.70
109763   9  1200 180.09
109763  10  1201 180.28
109763  11  1193 179.91
109763  12  1199 180.78
109763  13  1199 180.66
109763  14  1201 181.55
109763  15  1199 179.40
109763  16  1194 180.71
109763  17  1191 179.66
109763  18  1195 180.69
109763  19  1194 180.85
109763  20  1196 180.49
109763  21  1198 180.35
109763  22  1197 180.15
109763  23  1198 179.72
109763  24  1193 179.65
109763  25  1200 181.18
109763  26  1195 180.10
109763  27  1199 180.54
109763  28  1197 179.20
109763  29  1197 180.00
109763  30  1196 180.56
109763  31  1201 179.76
109763  32  1197 180.29
109763  33  1193 179.78
109763  34  1198 179.76
109763  35  1197 179.80
109763  36  1195 178.83
109763  37  1197 179.55
109763  38  1196 179.86
109763  39  1195 182.39
109763  40  1197 179.51
109763  41  1202 179.46
109763  42  1197 180.47
109763  43  1203 178.87
109763  44  1194 180.06
109763  45  1201 180.45
109763  46  1196 179.94
109763  47  1198 180.81
109763  48  1194 178.10
109763  49  1195 180.14
109763  50  1199 179.35
109763  51  1198 180.35
109763  52  1205 179.92
109763  53  1200 180.58
109763  54  1201 179.73
109763  55  1200 179.90
109763  56  1201 180.00
109763  57  1201 181.40
109763  58  1196 179.60
109763  59  1196 180.54
109763  60  1195 180.84
109763  61  1203 180.84
109763  62  1199 180.11
109763  63  1202 179.02
109763  64  1201 179.67
109763  65  1200 181.47
109763  66  1199 179.40
109763  67  1195 179.93
109763  68  1201 179.90
109763  69  1198 179.68
109763  70  1196 178.76
109763  71  1200 180.39
109763  72  1195 181.90
109763  73  1199 180.84
109763  74  1201 180.85
109763  75  1194 178.36
109763  76  1203 180.72
109763  77  1198 180.71
109763  78  1198 180.28
109763  79  1204 180.87
109763  80  1199 180.66
109763  81  1201 181.00
109763  82  1202 179.64
109763  83  1202 179.13
109763  84  1197 179.99
109763  85  1201 180.40
109763  86  1201 179.34
109763  87  1203 180.70
109763  88  1205 180.70
109763  89  1199 179.64
109763  90  1201 181.25
109763  91  1199 179.84
109763  92  1203 180.65
109763  93  1207 179.87
109763  94  1206 179.96
109763  95  1201 179.27
109763  96  1199 180.69
109763  97  1199 179.33
109763  98  1198 179.84
109763  99  1204 179.50
109763 100  1200 179.85
109763 101  1198 180.40
109763 102  1201 180.44
109763 103  1199 179.16
109763 104  1201 179.83
109763 105  1202 181.43
109763 106  1198 179.04
109763 107  1200 180.30
109763 108  1202 179.86
109763 109  1204 179.67
109763 110  1203 180.84
109763 111  1200 179.99
109763 112  1202 179.89
109763 113  1199 180.28
109763 114  1201 178.95
109763 115  1202 180.36
109763 116  1199 180.16
109763 117  1202 180.54
109763 118  1207 180.85
109763 119  1205 178.72
109763 120  1206 180.23
109763 121  1201 179.74
109763 122  1203 179.49
109763 123  1201 179.93
109763 124  1204 178.98
109763 125  1205 179.69
109763 126  1202 180.43
109763 127  1204 180.18
109763 128  1201 181.21
109763 129  1201 179.09
109763 130  1207 179.30
109763 131  1204 178.93
109763 132  1196 180.24
109763 133  1200 180.26
109763 134  1199 180.47
109763 135  1199 180.21
109763 136  1199 180.47
109763 137  1201 179.48
109763 138  1204 180.51
109763 139  1201 179.89
109763 140  1203 180.52
109763 141  1199 180.52
109763 142  1200 179.75
109763 143  1198 178.87
109763 144  1201 179.74
109763 145  1207 179.76
109763 146  1201 180.18
109763 147  1199 179.75
109763 148  1199 179.74
109763 149  1199 179.94
109763 150  1201 179.53
109763 151  1203 179.79
109763 152  1202 179.74
109763 153  1203 181.44
109763 154  1200 179.44
109763 155  1206 179.14
109763 156  1201 180.22
109763 157  1201 179.67
109763 158  1199 179.38
109763 159  1200 180.59
109763 160  1200 179.83
109763 161  1199 178.14
109763 162  1203 180.23
109763 163  1198 180.39
109763 164  1204 181.45
109763 165  1202 181.02
109763 166  1205 178.57
109763 167  1199 180.56
109763 168  1200 180.65
109763 169  1198 180.37
109763 170  1201 180.17
109763 171  1203 180.90
109763 172  1205 180.22
109763 173  1197 181.21
109763 174  1201 181.38
109763 175  1204 179.64
109763 176  1199 178.94
109763 177  1205 178.53
109763 178  1199 179.68
109763 179  1200 181.61
109763 180  1203 180.88
109763 181  1200 181.18
109763 182  1201 178.93
109763 183  1204 180.62
109763 184  1199 180.75
109763 185  1204 180.08
109763 186  1200 180.30
109763 187  1201 179.67
109763 188  1201 179.18
109763 189  1200 180.84
109763 190  1201 181.33
109763 191  1197 180.64
109763 192  1202 180.70
109763 193  1207 180.66
109763 194  1204 179.98
109763 195  1202 179.37
109763 196  1206 179.48
109763 197  1202 180.27
109763 198  1202 179.06
109763 199  1202 179.48
109764   0  1001 179.16
109764   1  1002 178.93
109764   2  1003 178.98
109764   3  1001 179.11
109764   4   999 180.29
109764   5   999 179.09
109764   6  1004 180.02
109764   7  1004 180.34
109764   8  1002 180.62
109764   9  1004 180.93
109764  10  1001 178.56
109764  11  1001 179.32
109764  12  1009 179.52
109764  13  1007 178.22
109764  14  1002 177.91
109764  15  1002 179.73
109764  16  1002 179.23
109764  17  1001 180.64
109764  18  1005 179.66
109764  19  1000 179.53
109764  20  1005 178.92
109764  21  1001 179.56
109764  22  1004 180.36
109764  23  1003 179.15
109764  24  1002 179.12
109764  25  1006 179.43
109764  26  1003 179.64
109764  27  1003 179.54
109764  28   999 179.78
109764  29  1001 178.89
109764  30  1007 180.75
109764  31  1003 179.95
109764  32  1003 178.41
109764  33  1007 179.22
109764  34  1007 178.46
109764  35  1003 179.08
109764  36  1003 178.89
109764  37  1003 179.15
109764  38  1008 179.77
109764  39  1001 178.06
109764  40  1004 178.87
109764  41  1001 179.63
109764  42   998 178.92
109764  43  1004 177.55
109764  44  1003 179.72
109764  45   999 179.69
109764  46  1003 180.46
109764  47   999 179.03
109764  48  1002 178.39
109764  49   998 178.82
109764  50  1001 178.94
109764  51  1000 180.11
109764  52  1000 179.27
109764  53  1003 179.34
109764  54  1000 178.54
109764  55  1000 178.73
109764  56  1000 178.66
109764  57  1003 179.28
109764  58  1003 178.97
109764  59  1002 179.59
109764  60   999 178.61
109764  61  1008 179.73
109764  62  1003 178.99
109764  63  1007 179.06
109764  64  1006 177.98
109764  65  1003 178.50
109764  66  1003 178.84
109764  67  1001 180.25
109764  68  1004 181.67
109764  69  1001 179.90
109764  70  1006 179.59
109764  71  1007 179.73
109764  72  1007 179.18
109764  73  1005 178.72
109764  74  1005 178.71
109764  75  1004 179.36
109764  76  1009 180.00
109764  77  1006 179.51
109764  78  1005 178.16
109764  79  1004 179.36
109764  80  1003 177.97
109764  81  1011 179.47
109764  82  1008 178.95
109764  83  1012 179.41
109764  84  1012 180.33
109764  85  1008 179.48
109764  86  1010 178.70
109764  87  1009 180.45
109764  88  1010 179.31
109764  89  1006 180.18
109764  90  1008 178.54
109764  91  1009 178.94
109764  92  1005 179.30
109764  93  1009 178.25
109764  94  1003 179.87
109764  95  1008 179.31
109764  96  1004 178.12
109764  97  1003 178.96
109764  98  1004 177.93
109764  99  1006 178.45
109764 100  1009 177.60
109764 101  1013 179.55
109764 102  1007 179.52
109764 103  1009 178.58
109764 104  1010 179.33
109764 105  1010 179.50
109764 106  1008 180.16
109764 107  1012 179.00
109764 108  1011 179.15
109764 109  1010 180.72
109764 110  1006 180.00
109764 111  1008 177.95
109764 112  1005 179.62
109764 113  1004 179.18
109764 114  1010 179.61
109764 115  1008 179.64
109764 116  1009 178.60
109764 117  1011 177.89
109764 118  1008 178.96
109764 119  1009 178.82
109764 120  1004 178.40
109764 121  1007 178.98
109764 122  1011 178.59
109764 123  1005 179.68
109764 124  1012 178.16
109764 125  1013 178.52
109764 126  1009 180.52
109764 127  1007 178.74
109764 128  1012 179.24
109764 129  1010 179.74
109764 130  1010 180.95
109764 131  1010 178.72
109764 132  1013 179.68
109764 133  1010 180.26
109764 134  1005 178.72
109764 135  1009 178.02
109764 136  1008 180.70
109764 137  1008 178.72
109764 138  1011 178.44
109764 139  1004 178.95
109764 140  1004 180.18
109764 141  1006 178.45
109764 142   997 179.33
109764 143  1003 179.23
109764 144  1005 179.17
109764 145  1003 179.07
109764 146  1006 178.33
109764 147  1010 180.00
109764 148  1005 179.41
109764 149  1009 178.39
109764 150  1008 180.16
109764 151  1012 179.51
109764 152  1010 179.27
109764 153  1010 180.13
109764 154  1006 179.05
109764 155  1008 178.91
109764 156  1009 179.94
109764 157  1011 179.72
109764 158  1011 178.00
109764 159  1014 179.59
109764 160  1012 179.69
109764 161  1012 179.44
109764 162  1011 179.47
109764 163  1014 179.88
109764 164  1010 180.38
109764 165  1014 178.98
109764 166  1007 180.24
109764 167  1011 178.40
109764 168  1009 180.07
109764 169  1014 180.26
109764 170  1017 179.74
109764 171  1012 179.72
109764 172  1010 180.54
109764 173  1015 179.90
109764 174  1010 179.97
109764 175  1013 179.33
109764 176  1011 178.33
109764 177  1012 179.34
109764 178  1010 178.63
109764 179  1013 179.19
109764 180  1011 179.40
109764 181  1015 179.94
109764 182  1012 178.81
109764 183  1015 178.04
109764 184  1012 178.26
109764 185  1011 178.46
109764 186  1011 178.40
109764 187  1010 178.72
109764 188  1008 178.48
109764 189  1011 179.48
109764 190  1009 179.27
109764 191  1010 178.77
109764 192  1010 179.48
109764 193  1007 179.10
109764 194  1008 180.41
109764 195  1007 178.49
109764 196  1007 179.65
109764 197  1010 179.01
109764 198  1009 180.00
109764 199  1009 179.72
109769   0   997 178.69
109769   1   999 179.07
109769   2   993 179.13
109769   3  1002 178.48
109769   4  1003 178.78
109769   5  1000 179.07
109769   6  1001 179.42
109769   7  1003 178.70
109769   8   999 178.99
109769   9  1003 180.11
109769  10  1003 179.63
109769  11  1001 179.67
109769  12   997 178.95
109769  13  1005 179.95
109769  14  1003 179.37
109769  15  1002 179.29
109769  16   997   1.00
109769  17  1006 180.07
109769  18  1004 179.76
109769  19  1003 179.96
109769  20  1003 180.61
109769  21   999 178.92
109769  22  1003 179.42
109769  23   997 179.63
109769  24  1001 178.69
109769  25  1008 179.71
109769  26  1007 179.30
109769  27  1005 178.74
109769  28  1004 180.43
109769  29   998 180.02
109769  30  1001 179.88
109769  31  1003 179.13
109769  32  1000 178.89
109769  33  1002 178.75
109769  34  1000 179.50
109769  35  1003 178.64
109769  36  1002 179.99
109769  37  1000 180.34
109769  38  1002 178.29
109769  39  1001 179.46
109769  40  1000 178.83
109769  41  1002 180.45
109769  42  1002 180.60
109769  43  1002 179.85
109769  44  1007 179.68
109769  45  1004 177.71
109769  46   998 179.05
109769  47  1003 179.13
109769  48  1007 179.85
109769  49  1000 180.39
109769  50  1000 180.30
109769  51  1000 178.80
109769  52  1002 179.24
109769  53  1004 179.72
109769  54  1001 179.47
109769  55  1007 179.27
109769  56  1002 179.94
109769  57  1004 178.74
109769  58  1007 179.17
109769  59  1005 179.42
109769  60  1001 179.98
109769  61  1006 178.73
109769  62  1004 178.90
109769  63  1004 180.52
109769  64  1001 179.19
109769  65  1005 179.66
109769  66  1004 180.41
109769  67  1000 180.16
109769  68  1005 178.50
109769  69  1002 177.76
109769  70  1003 178.23
109769  71  1004 179.94
109769  72  1004 180.14
109769  73  1005 179.83
109769  74  1004 179.47
109769  75  1004 179.38
109769  76  1007 180.07
109769  77  1007 180.93
109769  78  1004 179.51
109769  79  1002 179.41
109769  80  1002 178.82
109769  81  1007 178.26
109769  82  1004 177.73
109769  83  1006 179.69
109769  84  1000 178.47
109769  85   997 178.31
109769  86  1002 179.78
109769  87  1000 179.17
109769  88  1001 179.34
109769  89  1003 179.06
109769  90  1001 180.27
109769  91  1003 179.66
109769  92  1000 181.21
109769  93  1001 178.43
109769  94   999 179.42
109769  95  1005 178.83
109769  96   999 178.83
109769  97   998 180.48
109769  98  1003 181.40
109769  99  1004 179.24
109769 100  1003 178.00
109769 101  1000 178.83
109769 102  1006 180.09
109769 103  1002 177.89
109769 104   999 178.91
109769 105  1005 178.00
109769 106  1001 178.50
109769 107  1001 179.51
109769 108  1000 179.54
109769 109  1003  17.00
109769 110  1003 177.84
109769 111  1004 179.96
109769 112  1007 177.73
109769 113  1002 180.22
109769 114  1003 178.38
109769 115  1002 178.82
109769 116  1001 178.97
109769 117  1004 179.02
109769 118  1000 179.39
109769 119  1007 179.37
109769 120  1001 179.50
109769 121  1004 178.16
109769 122  1000 179.41
109769 123   998 179.15
109769 124   998 177.86
109769 125  1002 178.96
109769 126  1001 179.78
109769 127  1003 179.51
109769 128  1002 179.25
109769 129  1003 179.72
109769 130   999 179.95
109769 131  1002 178.63
109769 132   998 178.00
109769 133  1003 178.88
109769 134  1000   1.00
109769 135   999 179.78
109769 136  1001 179.55
109769 137  1004 179.98
109769 138  1008 179.21
109769 139  1007 179.75
109769 140   998 180.00
109769 141  1003 178.78
109769 142  1006 179.02
109769 143  1007 179.46
109769 144  1005 180.81
109769 145  1000 178.53
109769 146  1001 177.93
109769 147   999 179.07
109769 148  1003 180.39
109769 149  1001 179.04
109769 150   999 178.53
109769 151  1002 180.55
109769 152  1001 180.89
109769 153  1003 180.00
109769 154  1003 179.70
109769 155  1002 179.64
109769 156  1004 179.93
109769 157  1002 178.84
109769 158  1002 178.71
109769 159  1005 178.98
109769 160  1006 179.03
109769 161  1004 178.93
109769 162  1001 179.40
109769 163  1005 180.17
109769 164  1005 179.02
109769 165  1001 179.63
109769 166  1002 179.03
109769 167  1004 178.87
109769 168  1004 180.00
109769 169  1003 179.19
109769 170  1001 180.53
109769 171  1003 178.39
109769 172  1000 180.12
109769 173  1002 179.62
109769 174  1003 179.03
109769 175  1003 180.92
109769 176  1002 179.25
109769 177  1003 178.73
109769 178  1002 179.64
109769 179  1003 180.10
109769 180  1002 180.06
109769 181  1004 180.33
109769 182  1003 179.83
109769 183  1004 179.32
109769 184  1004 178.08
109769 185   998 179.17
109769 186   998 178.88
109769 187  1000 179.50
109769 188   999 179.79
109769 189  1001 179.50
109769 190   997 179.72
109769 191  1002 179.51
109769 192  1005 179.09
109769 193  1005 179.79
109769 194  1000 179.41
109769 195  1002 178.15
109769 196  1007 179.05
109769 197  1001 180.50
109769 198  1004 180.11
109769 199  1000 178.61
109770   0  1189 181.04
109770   1  1200 179.93
109770   2  1194 179.90
109770   3  1197 179.98
109770   4  1196 181.68
109770   5  1197 180.06
109770   6  1203 181.17
109770   7  1198 178.71
109770   8  1200 179.16
109770   9  1194 181.02
109770  10  1197 181.10
109770  11  1199 181.70
109770  12  1201 180.08
109770  13  1199 181.06
109770  14  1196 180.72
109770  15  1202 179.97
109770  16  1200 179.21
109770  17  1195 179.62
109770  18  1194 180.41
109770  19  1197 181.05
109770  20  1198 180.19
109770  21  1200 180.70
109770  22  1198 180.28
109770  23  1197 178.93
109770  24  1200 180.12
109770  25  1199 180.16
109770  26  1203 180.42
109770  27  1201 179.66
109770  28  1202 180.56
109770  29  1201 180.86
109770  30  1198 179.27
109770  31  1198 180.83
109770  32  1197 179.24
109770  33  1196 181.44
109770  34  1198 179.35
109770  35  1200 179.21
109770  36  1200 180.18
109770  37  1200 179.15
109770  38  1199 179.94
109770  39  1201 178.98
109770  40  1199 181.06
109770  41  1198 180.68
109770  42  1197 179.04
109770  43  1194 180.41
109770  44  1202 180.82
109770  45  1200 181.93
109770  46  1201 179.57
109770  47  1202 179.47
109770  48  1197 180.79
109770  49  1194 180.83
109770  50  1200 179.55
109770  51  1205 180.47
109770  52  1200 179.62
109770  53  1203 179.64
109770  54  1199 181.23
109770  55  1198 179.97
109770  56  1200 179.60
109770  57  1199 179.02
109770  58  1198 181.08
109770  59  1201 179.41
109770  60  1195 180.01
109770  61  1198 180.23
109770  62  1196 181.03
109770  63  1198 180.18
109770  64  1198 180.45
109770  65  1202 179.61
109770  66  1202 180.88
109770  67  1198 179.53
109770  68  1197 180.59
109770  69  1201 180.25
109770  70  1200 180.90
109770  71  1200 179.72
109770  72  1198 180.36
109770  73  1202 179.11
109770  74  1198 179.41
109770  75  1198 181.01
109770  76  1198 180.97
109770  77  1200 180.90
109770  78  1198 181.36
109770  79  1203 179.72
109770  80  1197 179.63
109770  81  1199 179.82
109770  82  1201 180.56
109770  83  1201 181.03
109770  84  1197 182.05
109770  85  1197 179.97
109770  86  1195 181.13
109770  87  1203 179.61
109770  88  1198 179.59
109770  89  1198 182.17
109770  90  1200 180.52
109770  91  1196 180.31
109770  92  1199 179.07
109770  93  1195 180.48
109770  94  1198 180.46
109770  95  1198 180.07
109770  96  1197 179.77
109770  97  1196 180.30
109770  98  1201 182.30
109770  99  1197 179.07
109770 100  1199 180.44
109770 101  1193 180.06
109770 102  1195 180.52
109770 103  1203 180.43
109770 104  1199 181.15
109770 105  1195 178.67
109770 106  1198 180.73
109770 107  1197 180.16
109770 108  1198 181.45
109770 109  1194 180.36
109770 110  1196 179.57
109770 111  1195 179.12
109770 112  1199 180.90
109770 113  1195 179.82
109770 114  1200 180.01
109770 115  1195 181.26
109770 116  1201 180.97
109770 117  1200 180.00
109770 118  1195 179.96
109770 119  1200 180.95
109770 120  1202 180.65
109770 121  1195 178.85
109770 122  1201 179.79
109770 123  1196 179.98
109770 124  1197 178.69
109770 125  1197 180.51
109770 126  1193 179.88
109770 127  1198 179.85
109770 128  1200 179.47
109770 129  1197 179.29
109770 130  1197 179.54
109770 131  1197 179.68
109770 132  1200 179.91
109770 133  1199 180.86
109770 134  1201 180.64
109770 135  1194 179.91
109770 136  1199 179.81
109770 137  1202 181.16
109770 138  1200 179.80
109770 139  1202 180.42
109770 140  1198 179.65
109770 141  1198 179.40
109770 142  1197 180.23
109770 143  1197 181.09
109770 144  1199 178.94
109770 145  1199 180.39
109770 146  1197 180.98
109770 147  1201 180.57
109770 148  1200 179.57
109770 149  1195 180.52
109770 150  1197 180.70
109770 151  1199 178.98
109770 152  1198 179.83
109770 153  1196 181.15
109770 154  1197 180.62
109770 155  1197 179.98
109770 156  1195 180.79
109770 157  1195 179.54
109770 158  1198 179.94
109770 159  1204 179.93
109770 160  1199 179.83
109770 161  1203 178.89
109770 162  1207 180.34
109770 163  1205 179.48
109770 164  1202 180.34
109770 165  1201 181.57
109770 166  1201 178.85
109770 167  1203 180.66
109770 168  1200 177.90
109770 169  1199 181.37
109770 170  1199 180.98
109770 171  1205 179.66
109770 172  1202 179.72
109770 173  1199 181.45
109770 174  1200 181.24
109770 175  1197 180.65
109770 176  1203 179.40
109770 177  1200 181.89
109770 178  1201 179.40
109770 179  1195 181.12
109770 180  1196 179.43
109770 181  1202 181.02
109770 182  1199 180.30
109770 183  1196 180.27
109770 184  1204 180.04
109770 185  1199 178.79
109770 186  1202 179.99
109770 187  1202 179.80
109770 188  1201 178.63
109770 189  1204 180.28
109770 190  1198 180.37
109770 191  1200 179.87
109770 192  1196 179.89
109770 193  1201 180.28
109770 194  1200 180.86
109770 195  1203 179.71
109770 196  1197 180.30
109770 197  1199 179.74
109770 198  1201 180.37
109770 199  1200 180.84
109776   0  1209 181.27
109776   1  1208 181.01
109776   2  1210 179.98
109776   3  1211 179.97
109776   4  1207 180.16
109776   5  1206 179.88
109776   6  1213 180.23
109776   7  1207 180.08
109776   8  1208 179.67
109776   9  1213 181.84
109776  10  1210 178.94
109776  11  1206 180.51
109776  12  1206 179.77
109776  13  1209 180.46
109776  14  1205 180.26
109776  15  1203 179.71
109776  16  1207 180.65
109776  17  1208 180.74
109776  18  1207 180.33
109776  19  1209 180.41
109776  20  1212 180.07
109776  21  1211 180.51
109776  22  1217 179.74
109776  23  1212 179.44
109776  24  1210 179.11
109776  25  1208 180.03
109776  26  1211 180.55
109776  27  1208 181.12
109776  28  1206 178.78
109776  29  1206 179.19
109776  30  1211 179.20
109776  31  1209 180.52
109776  32  1209 180.84
109776  33  1209 180.83
109776  34  1205 180.87
109776  35  1205 181.12
109776  36  1202 180.09
109776  37  1208 179.97
109776  38  1209 180.05
109776  39  1207 179.83
109776  40  1206 179.59
109776  41  1208 181.38
109776  42  1215 180.61
109776  43  1207 180.73
109776  44  1207 179.31
109776  45  1210 180.33
109776  46  1211 181.00
109776  47  1210 179.90
109776  48  1210 180.10
109776  49  1210 179.89
109776  50  1210 180.06
109776  51  1209 179.05
109776  52  1211 180.33
109776  53  1212 180.69
109776  54  1214 180.26
109776  55  1209 179.63
109776  56  1212 179.51
109776  57  1208 182.15
109776  58  1209 179.38
109776  59  1206 181.20
109776  60  1217 180.74
109776  61  1213 180.10
109776  62  1211 180.87
109776  63  1215 180.15
109776  64  1215 179.36
109776  65  1212 180.89
109776  66  1208 179.43
109776  67  1211 180.60
109776  68  1211 180.54
109776  69  1209 180.60
109776  70  1209 180.21
109776  71  1210 180.66
109776  72  1214 180.01
109776  73  1217 181.22
109776  74  1211 180.69
109776  75  1214 179.16
109776  76  1212 180.90
109776  77  1213 179.44
109776  78  1210 180.51
109776  79  1215 181.47
109776  80  1212 181.33
109776  81  1214 180.10
109776  82  1212 180.17
109776  83  1214 180.79
109776  84  1213 179.78
109776  85  1213 179.48
109776  86  1207 180.00
109776  87  1211 180.12
109776  88  1215 181.09
109776  89  1214 179.51
109776  90  1211 182.10
109776  91  1212 180.12
109776  92  1213 179.64
109776  93  1215 180.46
109776  94  1211 179.13
109776  95  1215 180.58
109776  96  1214 181.47
109776  97  1213 180.29
109776  98  1218 180.74
109776  99  1212 181.50
109776 100  1214 180.79
109776 101  1211 180.61
109776 102  1212 180.58
109776 103  1214 182.04
109776 104  1214 179.41
109776 105  1213 181.25
109776 106  1208 180.74
109776 107  1208 180.14
109776 108  1209 180.06
109776 109  1212 180.15
109776 110  1213 181.87
109776 111  1213 181.80
109776 112  1210 180.53
109776 113  1211 179.42
109776 114  1210 180.56
109776 115  1208 178.72
109776 116  1209 180.04
109776 117  1210 179.79
109776 118  1208 179.20
109776 119  1207 179.65
109776 120  1211 179.57
109776 121  1212 179.57
109776 122  1212 180.07
109776 123  1211 180.07
109776 124  1207 181.07
109776 125  1212 180.01
109776 126  1214 179.87
109776 127  1219 180.63
109776 128  1211 180.51
109776 129  1215 180.63
109776 130  1216 179.57
109776 131  1211 179.94
109776 132  1216 180.16
109776 133  1208 181.30
109776 134  1216 180.99
109776 135  1211 180.11
109776 136  1210 179.73
109776 137  1214 180.98
109776 138  1209 179.74
109776 139  1212 180.60
109776 140  1213 180.55
109776 141  1211 179.39
109776 142  1211 179.64
109776 143  1217 181.01
109776 144  1211 179.17
109776 145  1215 180.68
109776 146  1211 180.85
109776 147  1210 181.09
109776 148  1209 180.54
109776 149  1211 180.89
109776 150  1214 180.75
109776 151  1215 179.05
109776 152  1209 181.20
109776 153  1215 182.80
109776 154  1213 179.64
109776 155  1216 179.56
109776 156  1212 181.11
109776 157  1212 179.86
109776 158  1217 179.99
109776 159  1208 181.12
109776 160  1218 181.06
109776 161  1212 181.33
109776 162  1211 181.42
109776 163  1214 181.89
109776 164  1221 179.09
109776 165  1214 180.33
109776 166  1210 180.44
109776 167  1212 179.34
109776 168  1212 180.97
109776 169  1218 180.44
109776 170  1213 181.51
109776 171  1212 179.14
109776 172  1215 180.54
109776 173  1213 181.70
109776 174  1215 180.60
109776 175  1216 180.18
109776 176  1216 180.28
109776 177  1212 180.58
109776 178  1210 178.98
109776 179  1214 178.87
109776 180  1211 180.79
109776 181  1216 178.77
109776 182  1215 180.88
109776 183  1212 180.08
109776 184  1213 181.04
109776 185  1212 179.24
109776 186  1214 180.53
109776 187  1216 180.87
109776 188  1212 180.95
109776 189  1216 180.60
109776 190  1219 180.42
109776 191  1214 180.56
109776 192  1212 181.64
109776 193  1213 178.63
109776 194  1215 180.51
109776 195  1215 179.83
109776 196  1210 180.13
109776 197  1215 182.22
109776 198  1212 181.78
109776 199  1214 179.96
109798   0  1209 179.80
109798   1  1209 181.16
109798   2  1207 180.19
109798   3  1209 180.38
109798   4  1207 179.02
109798   5  1210 180.79
109798   6  1208 179.53
109798   7  1209 179.76
109798   8  1210 179.32
109798   9  1207 179.34
109798  10  1211 180.24
109798  11  1214 181.60
109798  12  1212 180.49
109798  13  1207 179.90
109798  14  1205 179.26
109798  15  1208 179.14
109798  16  1212 180.37
109798  17  1207 180.04
109798  18  1209 180.82
109798  19  1212 181.00
109798  20  1213 180.03
109798  21  1207 180.07
109798  22  1206 180.45
109798  23  1208 181.44
109798  24  1210 180.14
109798  25  1215 179.21
109798  26  1210 181.07
109798  27  1215 180.02
109798  28  1209 180.76
109798  29  1210 179.99
109798  30  1214 180.10
109798  31  1214 179.39
109798  32  1210 179.81
109798  33  1208 179.84
109798  34  1214 180.69
109798  35  1212 179.92
109798  36  1209 179.73
109798  37  1205 178.67
109798  38  1210 179.26
109798  39  1213 178.67
109798  40  1206 180.05
109798  41  1207 179.98
109798  42  1206 180.40
109798  43  1206 179.42
109798  44  1210 180.95
109798  45  1212 180.85
109798  46  1211 180.04
109798  47  1211 181.00
109798  48  1206 181.18
109798  49  1208 180.62
109798  50  1209 180.73
109798  51  1209 180.28
109798  52  1211 179.47
109798  53  1206 180.72
109798  54  1209 179.98
109798  55  1209 181.68
109798  56  1208 179.91
109798  57  1209 181.18
109798  58  1209 179.62
109798  59  1213 181.72
109798  60  1210 179.67
109798  61  1207 179.96
109798  62  1212 179.89
109798  63  1206 180.23
109798  64  1209 180.47
109798  65  1212 180.84
109798  66  1209 179.31
109798  67  1204 180.37
109798  68  1208 178.97
109798  69  1208 179.80
109798  70  1205 180.32
109798  71  1210 181.31
109798  72  1211 180.06
109798  73  1210 179.45
109798  74  1206 181.10
109798  75  1206 180.38
109798  76  1205 180.63
109798  77  1209 179.88
109798  78  1211 181.41
109798  79  1210 179.99
109798  80  1208 180.67
109798  81  1209 180.75
109798  82  1211 181.41
109798  83  1209 179.75
109798  84  1207 180.69
109798  85  1207 180.71
109798  86  1209 179.95
109798  87  1207 180.73
109798  88  1210 179.72
109798  89  1208 179.59
109798  90  1205 180.78
109798  91  1211 180.95
109798  92  1209 180.97
109798  93  1209 179.42
109798  94  1205 180.26
109798  95  1210 178.99
109798  96  1210 179.60
109798  97  1208 179.73
109798  98  1214 180.04
109798  99  1220 180.46
109798 100  1211 180.26
109798 101  1216 181.57
109798 102  1210 181.48
109798 103  1208 180.67
109798 104  1212 180.98
109798 105  1214 179.87
109798 106  1211 179.51
109798 107  1211 180.75
109798 108  1209 179.26
109798 109  1212 180.91
109798 110  1209 180.44
109798 111  1212 180.77
109798 112  1211 178.29
109798 113  1213 181.05
109798 114  1213 179.50
109798 115  1211 180.25
109798 116  1212 180.75
109798 117  1211 179.98
109798 118  1209 180.74
109798 119  1208 179.87
109798 120  1213 180.14
109798 121  1208 182.23
109798 122  1212 180.37
109798 123  1215 179.98
109798 124  1212 181.00
109798 125  1212 180.38
109798 126  1212 181.35
109798 127  1210 180.61
109798 128  1215 179.64
109798 129  1211 179.82
109798 130  1210 180.13
109798 131  1209 180.63
109798 132  1212 179.84
109798 133  1213 180.26
109798 134  1215 182.38
109798 135  1212 180.13
109798 136  1211 179.90
109798 137  1212 180.39
109798 138  1212 179.34
109798 139  1215 178.97
109798 140  1213 179.68
109798 141  1212 180.58
109798 142  1212 180.18
109798 143  1212 178.17
109798 144  1210 179.88
109798 145  1210 179.66
109798 146  1206 180.22
109798 147  1212 179.98
109798 148  1210 181.09
109798 149  1212 180.30
109798 150  1211 180.40
109798 151  1209 181.03
109798 152  1210 180.08
109798 153  1213 178.68
109798 154  1209 179.65
109798 155  1212 180.19
109798 156  1210 180.78
109798 157  1210 179.94
109798 158  1209 179.37
109798 159  1212 179.76
109798 160  1214 180.60
109798 161  1217 180.18
109798 162  1215 180.48
109798 163  1210 180.75
109798 164  1214 181.27
109798 165  1214 180.75
109798 166  1214 180.92
109798 167  1215 182.35
109798 168  1210 179.95
109798 169  1213 181.76
109798 170  1213 180.44
109798 171  1211 181.09
109798 172  1209 180.67
109798 173  1213 181.64
109798 174  1212 180.64
109798 175  1212 180.40
109798 176  1217 179.84
109798 177  1220 178.17
109798 178  1209 179.97
109798 179  1209 180.05
109798 180  1214 180.41
109798 181  1212 180.72
109798 182  1211 180.12
109798 183  1208 180.46
109798 184  1208 180.43
109798 185  1213 180.40
109798 186  1211 180.83
109798 187  1214 180.76
109798 188  1211 181.79
109798 189  1214 179.85
109798 190  1218 180.50
109798 191  1215 181.01
109798 192  1212 180.88
109798 193  1212 179.26
109798 194  1207 179.61
109798 195  1211 179.85
109798 196  1212 180.67
109798 197  1208 181.22
109798 198  1215 181.03
109798 199  1214 181.29
109799   0  1019 179.77
109799   1  1016 178.89
109799   2  1018 178.71
109799   3  1017 179.81
109799   4  1017 179.69
109799   5  1017 179.04
109799   6  1014 178.74
109799   7  1015 178.89
109799   8  1018 180.26
109799   9  1014 179.22
109799  10  1016 177.99
109799  11  1018 179.97
109799  12  1022 178.62
109799  13  1016 177.42
109799  14  1020 180.18
109799  15  1018 179.24
109799  16  1019 179.47
109799  17  1019 179.72
109799  18  1017 180.04
109799  19  1019 179.69
109799  20  1023 179.66
109799  21  1021 179.84
109799  22  1021 178.91
109799  23  1018 178.64
109799  24  1020 178.79
109799  25  1023 179.34
109799  26  1019 178.77
109799  27  1021 179.03
109799  28  1020 179.49
109799  29  1017 179.07
109799  30  1014 180.69
109799  31  1022 179.54
109799  32  1019 180.38
109799  33  1022 180.33
109799  34  1021 178.94
109799  35  1022 179.43
109799  36  1021 179.60
109799  37  1022 179.91
109799  38  1024 180.84
109799  39  1022 179.18
109799  40  1015 179.75
109799  41  1017 179.43
109799  42  1020 178.64
109799  43  1017 180.38
109799  44  1018 178.67
109799  45  1017 180.06
109799  46  1018 177.25
109799  47  1019 179.62
109799  48  1018 178.47
109799  49  1017 179.84
109799  50  1021 178.65
109799  51  1017 179.47
109799  52  1019 180.64
109799  53  1020 180.01
109799  54  1017 178.74
109799  55  1020 178.40
109799  56  1023 180.08
109799  57  1017 179.44
109799  58  1020 179.46
109799  59  1021 179.22
109799  60  1021 179.51
109799  61  1019 180.21
109799  62  1019 179.16
109799  63  1021 178.38
109799  64  1017 180.60
109799  65  1023 178.80
109799  66  1020 179.48
109799  67  1021 178.55
109799  68  1018 180.30
109799  69  1021 178.67
109799  70  1021 180.42
109799  71  1021 179.57
109799  72  1022 179.11
109799  73  1025 180.53
109799  74  1023 179.78
109799  75  1024 179.63
109799  76  1022 179.90
109799  77  1021 177.78
109799  78  1020 179.10
109799  79  1022 179.26
109799  80  1021 179.36
109799  81  1019 179.66
109799  82  1025 179.66
109799  83  1024 178.80
109799  84  1022 179.94
109799  85  1019 178.39
109799  86  1023 179.63
109799  87  1025 180.51
109799  88  1018 179.75
109799  89  1016 179.48
109799  90  1019 178.74
109799  91  1022 178.97
109799  92  1022 179.00
109799  93  1019 178.82
109799  94  1017 177.89
109799  95  1022 179.53
109799  96  1023 179.36
109799  97  1019 178.63
109799  98  1021 179.81
109799  99  1024 178.65
109799 100  1023 179.89
109799 101  1028 179.60
109799 102  1022 178.76
109799 103  1024 179.01
109799 104  1018 179.23
109799 105  1024 178.77
109799 106  1023 179.59
109799 107  1025 179.41
109799 108  1025 178.95
109799 109  1023 179.09
109799 110  1024 180.23
109799 111  1023 179.56
109799 112  1027 178.74
109799 113  1028 179.39
109799 114  1030 179.23
109799 115  1026 180.59
109799 116  1020 179.98
109799 117  1022 177.82
109799 118  1021 180.12
109799 119  1024 179.15
109799 120  1028 178.17
109799 121  1026 178.54
109799 122  1021 179.61
109799 123  1023 179.58
109799 124  1026 178.09
109799 125  1027 179.73
109799 126  1021 180.59
109799 127  1017 178.54
109799 128  1020 179.43
109799 129  1017 179.83
109799 130  1021 179.48
109799 131  1024 180.10
109799 132  1021 178.80
109799 133  1025 178.22
109799 134  1023 177.32
109799 135  1019 179.52
109799 136  1021 179.62
109799 137  1019 178.61
109799 138  1023 178.92
109799 139  1022 180.57
109799 140  1024 180.41
109799 141  1022 179.63
109799 142  1027 179.73
109799 143  1020 179.40
109799 144  1022 178.35
109799 145  1021 180.03
109799 146  1026 179.23
109799 147  1021 177.83
109799 148  1023 178.51
109799 149  1020 180.47
109799 150  1021 180.22
109799 151  1020 180.87
109799 152  1021 178.74
109799 153  1019 180.14
109799 154  1020 179.17
109799 155  1023 179.10
109799 156  1017 179.96
109799 157  1021 179.95
109799 158  1019 178.97
109799 159  1023 179.28
109799 160  1017 178.22
109799 161  1024 179.98
109799 162  1023 178.90
109799 163  1019 179.39
109799 164  1019 178.94
109799 165  1020 180.84
109799 166  1019 178.17
109799 167  1017 178.83
109799 168  1019 179.02
109799 169  1020 177.96
109799 170  1021 178.51
109799 171  1023 179.61
109799 172  1019 179.87
109799 173  1019 178.31
109799 174  1024 179.03
109799 175  1026 178.53
109799 176  1024 177.92
109799 177  1024 179.45
109799 178  1017 178.95
109799 179  1018 179.05
109799 180  1023 180.55
109799 181  1027 180.22
109799 182  1016 180.70
109799 183  1023 178.09
109799 184  1017 179.76
109799 185  1019 178.38
109799 186  1022 179.56
109799 187  1028 177.72
109799 188  1020 179.61
109799 189  1024 180.13
109799 190  1016 179.23
109799 191  1024 178.74
109799 192  1018 178.80
109799 193  1025 178.56
109799 194  1026 180.76
109799 195  1024 178.48
109799 196  1020 180.42
109799 197  1023 179.19
109799 198  1023 178.64
109799 199  1024 180.70
